timestamp,value
1558135980,33044
1558135981,33044
1558135982,33044
1558135983,33044
1558135984,33044
1558135985,33044
1558135986,33045
1558135987,33046
1558135988,33046
1558135989,33046
1558135990,33046
1558135991,33046
1558135992,33046
1558135993,33046
1558135994,33046
1558135995,33046
1558135996,33046
1558135997,33046
1558135998,33046
1558135999,33046
1558136000,33046
1558136001,33046
1558136002,33046
1558136003,33046
1558136004,33046
1558136005,33046
1558136006,33046
1558136007,33046
1558136008,33046
1558136009,33046
1558136010,33046
1558136011,33046
1558136012,33046
1558136013,33046
1558136014,33046
1558136015,33046
1558136016,33046
1558136017,33046
1558136018,33046
1558136019,33046
1558136020,33046
1558136021,33046
1558136022,33046
1558136023,33046
1558136024,33046
1558136025,33046
1558136026,33046
1558136027,33046
1558136028,33046
1558136029,33046
1558136030,33046
1558136031,33046
1558136032,33046
1558136033,33046
1558136034,33046
1558136035,33046
1558136036,33046
1558136037,33046
1558136038,33046
1558136039,33046
1558136040,33046
1558136041,33046
1558136042,33046
1558136043,33046
1558136044,33046
1558136045,33046
1558136046,33046
1558136047,33046
1558136048,33046
1558136049,33046
1558136050,33046
1558136051,33046
1558136052,33046
1558136053,33046
1558136054,33046
1558136055,33047
1558136056,33048
1558136057,33048
1558136058,33048
1558136059,33049
1558136060,33049
1558136061,33049
1558136062,33049
1558136063,33049
1558136064,33049
1558136065,33049
1558136066,33049
1558136067,33049
1558136068,33049
1558136069,33049
1558136070,33049
1558136071,33049
1558136072,33049
1558136073,33049
1558136074,33049
1558136075,33049
1558136076,33049
1558136077,33049
1558136078,33049
1558136079,33049
1558136080,33049
1558136081,33049
1558136082,33049
1558136083,33049
1558136084,33049
1558136085,33049
1558136086,33049
1558136087,33049
1558136088,33049
1558136089,33050
1558136090,33051
1558136091,33051
1558136092,33051
1558136093,33051
1558136094,33051
1558136095,33051
1558136096,33051
1558136097,33051
1558136098,33051
1558136099,33051
1558136100,33051
1558136101,33051
1558136102,33051
1558136103,33051
1558136104,33051
1558136105,33051
1558136106,33051
1558136107,33051
1558136108,33051
1558136109,33051
1558136110,33051
1558136111,33051
1558136112,33051
1558136113,33051
1558136114,33051
1558136115,33051
1558136116,33051
1558136117,33051
1558136118,33051
1558136119,33051
1558136120,33051
1558136121,33051
1558136122,33051
1558136123,33052
1558136124,33053
1558136125,33053
1558136126,33053
1558136127,33053
1558136128,33053
1558136129,33053
1558136130,33053
1558136131,33053
1558136132,33053
1558136133,33053
1558136134,33053
1558136135,33053
1558136136,33053
1558136137,33053
1558136138,33053
1558136139,33053
1558136140,33053
1558136141,33053
1558136142,33053
1558136143,33053
1558136144,33053
1558136145,33053
1558136146,33053
1558136147,33053
1558136148,33053
1558136149,33053
1558136150,33053
1558136151,33053
1558136152,33053
1558136153,33053
1558136154,33053
1558136155,33053
1558136156,33053
1558136157,33053
1558136158,33054
1558136159,33055
1558136160,33055
1558136161,33055
1558136162,33055
1558136163,33055
1558136164,33055
1558136165,33055
1558136166,33055
1558136167,33055
1558136168,33055
1558136169,33055
1558136170,33055
1558136171,33055
1558136172,33055
1558136173,33055
1558136174,33055
1558136175,33055
1558136176,33055
1558136177,33055
1558136178,33055
1558136179,33055
1558136180,33055
1558136181,33055
1558136182,33055
1558136183,33055
1558136184,33055
1558136185,33055
1558136186,33055
1558136187,33055
1558136188,33055
1558136189,33055
1558136190,33055
1558136191,33055
1558136192,33055
1558136193,33057
1558136194,33057
1558136195,33057
1558136196,33057
1558136197,33057
1558136198,33057
1558136199,33057
1558136200,33057
1558136201,33057
1558136202,33057
1558136203,33057
1558136204,33057
1558136205,33057
1558136206,33057
1558136207,33057
1558136208,33057
1558136209,33057
1558136210,33057
1558136211,33057
1558136212,33057
1558136213,33057
1558136214,33057
1558136215,33057
1558136216,33057
1558136217,33057
1558136218,33057
1558136219,33057
1558136220,33057
1558136221,33057
1558136222,33057
1558136223,33057
1558136224,33057
1558136225,33057
1558136226,33059
1558136227,33059
1558136228,33059
1558136229,33059
1558136230,33059
1558136231,33059
1558136232,33060
1558136233,33060
1558136234,33060
1558136235,33060
1558136236,33060
1558136237,33060
1558136238,33060
1558136239,33060
1558136240,33060
1558136241,33060
1558136242,33060
1558136243,33060
1558136244,33060
1558136245,33060
1558136246,33060
1558136247,33060
1558136248,33060
1558136249,33060
1558136250,33060
1558136251,33060
1558136252,33060
1558136253,33060
1558136254,33060
1558136255,33060
1558136256,33060
1558136257,33060
1558136258,33061
1558136259,33062
1558136260,33062
1558136261,33062
1558136262,33062
1558136263,33062
1558136264,33062
1558136265,33062
1558136266,33062
1558136267,33062
1558136268,33062
1558136269,33062
1558136270,33062
1558136271,33062
1558136272,33062
1558136273,33062
1558136274,33062
1558136275,33062
1558136276,33062
1558136277,33062
1558136278,33062
1558136279,33062
1558136280,33062
1558136281,33062
1558136282,33062
1558136283,33062
1558136284,33062
1558136285,33062
1558136286,33062
1558136287,33062
1558136288,33062
1558136289,33062
1558136290,33062
1558136291,33062
1558136292,33063
1558136293,33063
1558136294,33063
1558136295,33063
1558136296,33063
1558136297,33063
1558136298,33063
1558136299,33063
1558136300,33063
1558136301,33063
1558136302,33063
1558136303,33063
1558136304,33063
1558136305,33063
1558136306,33063
1558136307,33063
1558136308,33063
1558136309,33063
1558136310,33063
1558136311,33063
1558136312,33063
1558136313,33063
1558136314,33063
1558136315,33063
1558136316,33063
1558136317,33063
1558136318,33063
1558136319,33063
1558136320,33063
1558136321,33063
1558136322,33063
1558136323,33064
1558136324,33065
1558136325,33065
1558136326,33065
1558136327,33065
1558136328,33065
1558136329,33065
1558136330,33065
1558136331,33065
1558136332,33065
1558136333,33065
1558136334,33065
1558136335,33065
1558136336,33065
1558136337,33065
1558136338,33065
1558136339,33065
1558136340,33065
1558136341,33065
1558136342,33065
1558136343,33065
1558136344,33065
1558136345,33065
1558136346,33065
1558136347,33065
1558136348,33065
1558136349,33065
1558136350,33065
1558136351,33065
1558136352,33065
1558136353,33065
1558136354,33065
1558136355,33065
1558136356,33066
1558136357,33066
1558136358,33066
1558136359,33066
1558136360,33066
1558136361,33066
1558136362,33066
1558136363,33066
1558136364,33066
1558136365,33066
1558136366,33066
1558136367,33066
1558136368,33066
1558136369,33066
1558136370,33066
1558136371,33066
1558136372,33066
1558136373,33066
1558136374,33066
1558136375,33066
1558136376,33066
1558136377,33066
1558136378,33066
1558136379,33066
1558136380,33066
1558136381,33066
1558136382,33066
1558136383,33066
1558136384,33066
1558136385,33066
1558136386,33066
1558136387,33066
1558136388,33067
1558136389,33068
1558136390,33068
1558136391,33068
1558136392,33068
1558136393,33068
1558136394,33068
1558136395,33068
1558136396,33068
1558136397,33068
1558136398,33068
1558136399,33068
1558136400,33068
1558136401,33068
1558136402,33068
1558136403,33068
1558136404,33068
1558136405,33068
1558136406,33068
1558136407,33068
1558136408,33068
1558136409,33068
1558136410,33068
1558136411,33068
1558136412,33068
1558136413,33068
1558136414,33068
1558136415,33068
1558136416,33068
1558136417,33068
1558136418,33068
1558136419,33068
1558136420,33068
1558136421,33068
1558136422,33068
1558136423,33068
1558136424,33068
1558136425,33068
1558136426,33068
1558136427,33068
1558136428,33068
1558136429,33068
1558136430,33068
1558136431,33068
1558136432,33068
1558136433,33068
1558136434,33068
1558136435,33068
1558136436,33068
1558136437,33068
1558136438,33068
1558136439,33068
1558136440,33068
1558136441,33068
1558136442,33068
1558136443,33068
1558136444,33068
1558136445,33068
1558136446,33068
1558136447,33068
1558136448,33068
1558136449,33068
1558136450,33068
1558136451,33068
1558136452,33068
1558136453,33068
1558136454,33068
1558136455,33068
1558136456,33068
1558136457,33068
1558136458,33068
1558136459,33068
1558136460,33068
1558136461,33068
1558136462,33068
1558136463,33068
1558136464,33068
1558136465,33068
1558136466,33068
1558136467,33068
1558136468,33068
1558136469,33068
1558136470,33068
1558136471,33068
1558136472,33068
1558136473,33068
1558136474,33068
1558136475,33068
1558136476,33068
1558136477,33068
1558136478,33068
1558136479,33068
1558136480,33068
1558136481,33068
1558136482,33068
1558136483,33068
1558136484,33068
1558136485,33068
1558136486,33068
1558136487,33068
1558136488,33068
1558136489,33068
1558136490,33068
1558136491,33068
1558136492,33068
1558136493,33068
1558136494,33068
1558136495,33068
1558136496,33068
1558136497,33068
1558136498,33068
1558136499,33068
1558136500,33068
1558136501,33068
1558136502,33068
1558136503,33068
1558136504,33068
1558136505,33068
1558136506,33068
1558136507,33068
1558136508,33068
1558136509,33068
1558136510,33068
1558136511,33068
1558136512,33068
1558136513,33068
1558136514,33068
1558136515,33068
1558136516,33068
1558136517,33068
1558136518,33068
1558136519,33068
1558136520,33068
1558136521,33068
1558136522,33068
1558136523,33068
1558136524,33068
1558136525,33068
1558136526,33068
1558136527,33068
1558136528,33068
1558136529,33068
1558136530,33068
1558136531,33068
1558136532,33068
1558136533,33068
1558136534,33068
1558136535,33068
1558136536,33068
1558136537,33068
1558136538,33068
1558136539,33068
1558136540,33068
1558136541,33068
1558136542,33068
1558136543,33068
1558136544,33068
1558136545,33068
1558136546,33068
1558136547,33068
1558136548,33068
1558136549,33068
1558136550,33068
1558136551,33068
1558136552,33068
1558136553,33068
1558136554,33068
1558136555,33068
1558136556,33068
1558136557,33068
1558136558,33068
1558136559,33068
1558136560,33068
1558136561,33068
1558136562,33068
1558136563,33068
1558136564,33068
1558136565,33068
1558136566,33068
1558136567,33068
1558136568,33068
1558136569,33068
1558136570,33068
1558136571,33068
1558136572,33068
1558136573,33068
1558136574,33068
1558136575,33068
1558136576,33068
1558136577,33068
1558136578,33068
1558136579,33068
1558136580,33068
1558136581,33068
1558136582,33068
1558136583,33068
1558136584,33068
1558136585,33068
1558136586,33068
1558136587,33068
1558136588,33068
1558136589,33068
1558136590,33068
1558136591,33068
1558136592,33068
1558136593,33068
1558136594,33068
1558136595,33068
1558136596,33068
1558136597,33068
1558136598,33068
1558136599,33068
1558136600,33068
1558136601,33068
1558136602,33068
1558136603,33068
1558136604,33068
1558136605,33068
1558136606,33068
1558136607,33068
1558136608,33068
1558136609,33068
1558136610,33068
1558136611,33068
1558136612,33068
1558136613,33068
1558136614,33068
1558136615,33068
1558136616,33069
1558136617,33069
1558136618,33069
1558136619,33069
1558136620,33069
1558136621,33069
1558136622,33069
1558136623,33069
1558136624,33069
1558136625,33069
1558136626,33069
1558136627,33069
1558136628,33069
1558136629,33069
1558136630,33069
1558136631,33069
1558136632,33069
1558136633,33069
1558136634,33069
1558136635,33069
1558136636,33069
1558136637,33069
1558136638,33069
1558136639,33069
1558136640,33070
1558136641,33070
1558136642,33070
1558136643,33072
1558136644,33072
1558136645,33072
1558136646,33072
1558136647,33072
1558136648,33072
1558136649,33072
1558136650,33072
1558136651,33072
1558136652,33072
1558136653,33072
1558136654,33072
1558136655,33072
1558136656,33072
1558136657,33072
1558136658,33073
1558136659,33073
1558136660,33073
1558136661,33073
1558136662,33073
1558136663,33073
1558136664,33073
1558136665,33073
1558136666,33073
1558136667,33073
1558136668,33073
1558136669,33073
1558136670,33073
1558136671,33073
1558136672,33073
1558136673,33073
1558136674,33073
1558136675,33073
1558136676,33073
1558136677,33073
1558136678,33074
1558136679,33074
1558136680,33074
1558136681,33074
1558136682,33074
1558136683,33074
1558136684,33074
1558136685,33074
1558136686,33074
1558136687,33074
1558136688,33074
1558136689,33074
1558136690,33074
1558136691,33074
1558136692,33074
1558136693,33074
1558136694,33074
1558136695,33074
1558136696,33074
1558136697,33074
1558136698,33074
1558136699,33074
1558136700,33074
1558136701,33074
1558136702,33074
1558136703,33074
1558136704,33074
1558136705,33074
1558136706,33074
1558136707,33074
1558136708,33074
1558136709,33074
1558136710,33074
1558136711,33074
1558136712,33074
1558136713,33074
1558136714,33074
1558136715,33074
1558136716,33074
1558136717,33074
1558136718,33074
1558136719,33074
1558136720,33074
1558136721,33074
1558136722,33074
1558136723,33074
1558136724,33074
1558136725,33074
1558136726,33074
1558136727,33074
1558136728,33074
1558136729,33074
1558136730,33074
1558136731,33074
1558136732,33074
1558136733,33074
1558136734,33074
1558136735,33074
1558136736,33074
1558136737,33074
1558136738,33074
1558136739,33074
1558136740,33074
1558136741,33074
1558136742,33074
1558136743,33074
1558136744,33074
1558136745,33074
1558136746,33074
1558136747,33074
1558136748,33074
1558136749,33074
1558136750,33074
1558136751,33074
1558136752,33074
1558136753,33074
1558136754,33074
1558136755,33074
1558136756,33074
1558136757,33074
1558136758,33074
1558136759,33074
1558136760,33074
1558136761,33074
1558136762,33074
1558136763,33074
1558136764,33074
1558136765,33074
1558136766,33074
1558136767,33074
1558136768,33074
1558136769,33075
1558136770,33075
1558136771,33075
1558136772,33075
1558136773,33075
1558136774,33075
1558136775,33075
1558136776,33075
1558136777,33075
1558136778,33075
1558136779,33075
1558136780,33075
1558136781,33075
1558136782,33075
1558136783,33075
1558136784,33075
1558136785,33075
1558136786,33075
1558136787,33075
1558136788,33075
1558136789,33075
1558136790,33075
1558136791,33075
1558136792,33075
1558136793,33075
1558136794,33075
1558136795,33075
1558136796,33075
1558136797,33075
1558136798,33075
1558136799,33075
1558136800,33075
1558136801,33075
1558136802,33075
1558136803,33075
1558136804,33075
1558136805,33075
1558136806,33075
1558136807,33075
1558136808,33075
1558136809,33075
1558136810,33075
1558136811,33075
1558136812,33075
1558136813,33075
1558136814,33075
1558136815,33075
1558136816,33075
1558136817,33075
1558136818,33075
1558136819,33075
1558136820,33075
1558136821,33075
1558136822,33075
1558136823,33075
1558136824,33075
1558136825,33075
1558136826,33075
1558136827,33075
1558136828,33075
1558136829,33075
1558136830,33075
1558136831,33075
1558136832,33075
1558136833,33075
1558136834,33075
1558136835,33075
1558136836,33075
1558136837,33075
1558136838,33075
1558136839,33075
1558136840,33075
1558136841,33075
1558136842,33075
1558136843,33075
1558136844,33075
1558136845,33075
1558136846,33075
1558136847,33075
1558136848,33075
1558136849,33075
1558136850,33075
1558136851,33075
1558136852,33075
1558136853,33075
1558136854,33075
1558136855,33075
1558136856,33075
1558136857,33075
1558136858,33075
1558136859,33075
1558136860,33075
1558136861,33075
1558136862,33075
1558136863,33075
1558136864,33075
1558136865,33075
1558136866,33075
1558136867,33075
1558136868,33075
1558136869,33075
1558136870,33075
1558136871,33075
1558136872,33075
1558136873,33075
1558136874,33075
1558136875,33075
1558136876,33075
1558136877,33075
1558136878,33075
1558136879,33075
1558136880,33075
1558136881,33075
1558136882,33075
1558136883,33075
1558136884,33075
1558136885,33075
1558136886,33075
1558136887,33075
1558136888,33075
1558136889,33075
1558136890,33075
1558136891,33075
1558136892,33075
1558136893,33075
1558136894,33075
1558136895,33075
1558136896,33076
1558136897,33076
1558136898,33076
1558136899,33076
1558136900,33076
1558136901,33076
1558136902,33076
1558136903,33076
1558136904,33076
1558136905,33076
1558136906,33076
1558136907,33076
1558136908,33076
1558136909,33076
1558136910,33076
1558136911,33076
1558136912,33076
1558136913,33076
1558136914,33076
1558136915,33076
1558136916,33076
1558136917,33077
1558136918,33077
1558136919,33077
1558136920,33077
1558136921,33077
1558136922,33077
1558136923,33077
1558136924,33077
1558136925,33077
1558136926,33077
1558136927,33077
1558136928,33077
1558136929,33077
1558136930,33077
1558136931,33077
1558136932,33077
1558136933,33077
1558136934,33077
1558136935,33077
1558136936,33077
1558136937,33077
1558136938,33077
1558136939,33077
1558136940,33077
1558136941,33077
1558136942,33077
1558136943,33077
1558136944,33077
1558136945,33077
1558136946,33077
1558136947,33077
1558136948,33077
1558136949,33077
1558136950,33077
1558136951,33077
1558136952,33077
1558136953,33077
1558136954,33077
1558136955,33077
1558136956,33077
1558136957,33077
1558136958,33077
1558136959,33077
1558136960,33077
1558136961,33077
1558136962,33077
1558136963,33077
1558136964,33077
1558136965,33077
1558136966,33077
1558136967,33077
1558136968,33077
1558136969,33077
1558136970,33077
1558136971,33077
1558136972,33077
1558136973,33077
1558136974,33077
1558136975,33077
1558136976,33077
1558136977,33077
1558136978,33077
1558136979,33077
1558136980,33077
1558136981,33077
1558136982,33077
1558136983,33077
1558136984,33077
1558136985,33077
1558136986,33077
1558136987,33077
1558136988,33077
1558136989,33077
1558136990,33077
1558136991,33077
1558136992,33077
1558136993,33077
1558136994,33077
1558136995,33077
1558136996,33077
1558136997,33077
1558136998,33077
1558136999,33077
1558137000,33077
1558137001,33077
1558137002,33077
1558137003,33077
1558137004,33077
1558137005,33077
1558137006,33077
1558137007,33077
1558137008,33077
1558137009,33077
1558137010,33077
1558137011,33077
1558137012,33077
1558137013,33077
1558137014,33077
1558137015,33077
1558137016,33077
1558137017,33077
1558137018,33077
1558137019,33077
1558137020,33077
1558137021,33077
1558137022,33077
1558137023,33077
1558137024,33077
1558137025,33079
1558137026,33079
1558137027,33079
1558137028,33079
1558137029,33079
1558137030,33079
1558137031,33079
1558137032,33079
1558137033,33079
1558137034,33079
1558137035,33079
1558137036,33079
1558137037,33079
1558137038,33079
1558137039,33079
1558137040,33079
1558137041,33079
1558137042,33079
1558137043,33079
1558137044,33079
1558137045,33079
1558137046,33079
1558137047,33079
1558137048,33079
1558137049,33079
1558137050,33079
1558137051,33079
1558137052,33079
1558137053,33079
1558137054,33079
1558137055,33079
1558137056,33079
1558137057,33079
1558137058,33079
1558137059,33079
1558137060,33079
1558137061,33079
1558137062,33079
1558137063,33079
1558137064,33079
1558137065,33079
1558137066,33079
1558137067,33079
1558137068,33079
1558137069,33079
1558137070,33079
1558137071,33079
1558137072,33079
1558137073,33079
1558137074,33079
1558137075,33079
1558137076,33079
1558137077,33079
1558137078,33079
1558137079,33079
1558137080,33079
1558137081,33079
1558137082,33079
1558137083,33079
1558137084,33079
1558137085,33079
1558137086,33079
1558137087,33079
1558137088,33079
1558137089,33079
1558137090,33081
1558137091,33081
1558137092,33081
1558137093,33081
1558137094,33081
1558137095,33081
1558137096,33081
1558137097,33081
1558137098,33081
1558137099,33081
1558137100,33081
1558137101,33081
1558137102,33081
1558137103,33081
1558137104,33081
1558137105,33081
1558137106,33081
1558137107,33081
1558137108,33081
1558137109,33081
1558137110,33081
1558137111,33081
1558137112,33081
1558137113,33081
1558137114,33081
1558137115,33081
1558137116,33081
1558137117,33081
1558137118,33081
1558137119,33081
1558137120,33081
1558137121,33081
1558137122,33081
1558137123,33081
1558137124,33082
1558137125,33083
1558137126,33083
1558137127,33083
1558137128,33083
1558137129,33083
1558137130,33083
1558137131,33084
1558137132,33084
1558137133,33084
1558137134,33084
1558137135,33084
1558137136,33084
1558137137,33084
1558137138,33084
1558137139,33084
1558137140,33084
1558137141,33084
1558137142,33084
1558137143,33084
1558137144,33084
1558137145,33084
1558137146,33084
1558137147,33084
1558137148,33084
1558137149,33084
1558137150,33084
1558137151,33084
1558137152,33084
1558137153,33084
1558137154,33084
1558137155,33084
1558137156,33084
1558137157,33084
1558137158,33084
1558137159,33084
1558137160,33084
1558137161,33084
1558137162,33084
1558137163,33084
1558137164,33084
1558137165,33084
1558137166,33084
1558137167,33084
1558137168,33084
1558137169,33084
1558137170,33084
1558137171,33084
1558137172,33084
1558137173,33084
1558137174,33084
1558137175,33084
1558137176,33084
1558137177,33084
1558137178,33084
1558137179,33084
1558137180,33084
1558137181,33084
1558137182,33084
1558137183,33084
1558137184,33084
1558137185,33084
1558137186,33084
1558137187,33084
1558137188,33084
1558137189,33084
1558137190,33084
1558137191,33086
1558137192,33086
1558137193,33086
1558137194,33086
1558137195,33086
1558137196,33086
1558137197,33086
1558137198,33086
1558137199,33086
1558137200,33086
1558137201,33086
1558137202,33086
1558137203,33086
1558137204,33086
1558137205,33086
1558137206,33086
1558137207,33086
1558137208,33086
1558137209,33086
1558137210,33086
1558137211,33086
1558137212,33086
1558137213,33086
1558137214,33086
1558137215,33086
1558137216,33086
1558137217,33086
1558137218,33086
1558137219,33086
1558137220,33086
1558137221,33086
1558137222,33086
1558137223,33086
1558137224,33087
1558137225,33088
1558137226,33088
1558137227,33088
1558137228,33088
1558137229,33088
1558137230,33088
1558137231,33088
1558137232,33088
1558137233,33088
1558137234,33088
1558137235,33088
1558137236,33088
1558137237,33088
1558137238,33088
1558137239,33088
1558137240,33088
1558137241,33088
1558137242,33088
1558137243,33088
1558137244,33088
1558137245,33088
1558137246,33088
1558137247,33088
1558137248,33088
1558137249,33088
1558137250,33088
1558137251,33088
1558137252,33088
1558137253,33088
1558137254,33088
1558137255,33088
1558137256,33088
1558137257,33089
1558137258,33089
1558137259,33089
1558137260,33089
1558137261,33089
1558137262,33089
1558137263,33089
1558137264,33089
1558137265,33089
1558137266,33089
1558137267,33089
1558137268,33089
1558137269,33089
1558137270,33089
1558137271,33089
1558137272,33089
1558137273,33089
1558137274,33089
1558137275,33089
1558137276,33089
1558137277,33089
1558137278,33089
1558137279,33089
1558137280,33089
1558137281,33089
1558137282,33089
1558137283,33089
1558137284,33089
1558137285,33089
1558137286,33089
1558137287,33089
1558137288,33089
1558137289,33089
1558137290,33089
1558137291,33090
1558137292,33091
1558137293,33091
1558137294,33091
1558137295,33091
1558137296,33091
1558137297,33091
1558137298,33091
1558137299,33091
1558137300,33091
1558137301,33091
1558137302,33091
1558137303,33091
1558137304,33091
1558137305,33091
1558137306,33091
1558137307,33091
1558137308,33091
1558137309,33091
1558137310,33091
1558137311,33091
1558137312,33091
1558137313,33091
1558137314,33091
1558137315,33091
1558137316,33091
1558137317,33091
1558137318,33091
1558137319,33091
1558137320,33091
1558137321,33091
1558137322,33091
1558137323,33091
1558137324,33091
1558137325,33093
1558137326,33093
1558137327,33093
1558137328,33093
1558137329,33093
1558137330,33093
1558137331,33093
1558137332,33093
1558137333,33093
1558137334,33093
1558137335,33093
1558137336,33093
1558137337,33093
1558137338,33093
1558137339,33093
1558137340,33093
1558137341,33093
1558137342,33093
1558137343,33093
1558137344,33093
1558137345,33093
1558137346,33093
1558137347,33093
1558137348,33093
1558137349,33093
1558137350,33093
1558137351,33093
1558137352,33093
1558137353,33093
1558137354,33093
1558137355,33093
1558137356,33093
1558137357,33093
1558137358,33093
1558137359,33095
1558137360,33095
1558137361,33095
1558137362,33095
1558137363,33095
1558137364,33095
1558137365,33095
1558137366,33095
1558137367,33095
1558137368,33095
1558137369,33095
1558137370,33095
1558137371,33095
1558137372,33095
1558137373,33095
1558137374,33095
1558137375,33095
1558137376,33095
1558137377,33095
1558137378,33095
1558137379,33095
1558137380,33095
1558137381,33095
1558137382,33095
1558137383,33095
1558137384,33095
1558137385,33095
1558137386,33095
1558137387,33095
1558137388,33095
1558137389,33095
1558137390,33095
1558137391,33095
1558137392,33095
1558137393,33095
1558137394,33095
1558137395,33096
1558137396,33097
1558137397,33097
1558137398,33097
1558137399,33097
1558137400,33097
1558137401,33097
1558137402,33097
1558137403,33097
1558137404,33097
1558137405,33097
1558137406,33097
1558137407,33097
1558137408,33097
1558137409,33097
1558137410,33097
1558137411,33097
1558137412,33097
1558137413,33097
1558137414,33097
1558137415,33097
1558137416,33097
1558137417,33097
1558137418,33097
1558137419,33097
1558137420,33097
1558137421,33097
1558137422,33097
1558137423,33097
1558137424,33097
1558137425,33097
1558137426,33097
1558137427,33097
1558137428,33097
1558137429,33098
1558137430,33099
1558137431,33099
1558137432,33099
1558137433,33099
1558137434,33099
1558137435,33099
1558137436,33099
1558137437,33099
1558137438,33099
1558137439,33099
1558137440,33099
1558137441,33099
1558137442,33099
1558137443,33099
1558137444,33099
1558137445,33099
1558137446,33099
1558137447,33099
1558137448,33099
1558137449,33099
1558137450,33099
1558137451,33099
1558137452,33099
1558137453,33099
1558137454,33099
1558137455,33099
1558137456,33099
1558137457,33099
1558137458,33099
1558137459,33099
1558137460,33099
1558137461,33099
1558137462,33099
1558137463,33099
1558137464,33099
1558137465,33101
1558137466,33101
1558137467,33101
1558137468,33101
1558137469,33101
1558137470,33101
1558137471,33101
1558137472,33101
1558137473,33101
1558137474,33101
1558137475,33101
1558137476,33101
1558137477,33101
1558137478,33101
1558137479,33101
1558137480,33101
1558137481,33101
1558137482,33101
1558137483,33101
1558137484,33101
1558137485,33101
1558137486,33101
1558137487,33101
1558137488,33101
1558137489,33101
1558137490,33101
1558137491,33101
1558137492,33101
1558137493,33101
1558137494,33101
1558137495,33101
1558137496,33101
1558137497,33101
1558137498,33101
1558137499,33102
1558137500,33103
1558137501,33103
1558137502,33103
1558137503,33103
1558137504,33103
1558137505,33103
1558137506,33103
1558137507,33103
1558137508,33103
1558137509,33103
1558137510,33103
1558137511,33103
1558137512,33103
1558137513,33103
1558137514,33103
1558137515,33103
1558137516,33103
1558137517,33103
1558137518,33103
1558137519,33104
1558137520,33104
1558137521,33104
1558137522,33104
1558137523,33104
1558137524,33104
1558137525,33104
1558137526,33104
1558137527,33104
1558137528,33104
1558137529,33104
1558137530,33104
1558137531,33104
1558137532,33104
1558137533,33104
1558137534,33104
1558137535,33105
1558137536,33106
1558137537,33106
1558137538,33106
1558137539,33106
1558137540,33106
1558137541,33106
1558137542,33106
1558137543,33106
1558137544,33106
1558137545,33106
1558137546,33106
1558137547,33106
1558137548,33106
1558137549,33107
1558137550,33107
1558137551,33107
1558137552,33107
1558137553,33107
1558137554,33107
1558137555,33107
1558137556,33107
1558137557,33107
1558137558,33107
1558137559,33107
1558137560,33107
1558137561,33107
1558137562,33107
1558137563,33107
1558137564,33107
1558137565,33107
1558137566,33107
1558137567,33107
1558137568,33107
1558137569,33108
1558137570,33109
1558137571,33109
1558137572,33109
1558137573,33109
1558137574,33109
1558137575,33109
1558137576,33109
1558137577,33109
1558137578,33109
1558137579,33109
1558137580,33109
1558137581,33109
1558137582,33109
1558137583,33109
1558137584,33109
1558137585,33109
1558137586,33109
1558137587,33109
1558137588,33109
1558137589,33109
1558137590,33109
1558137591,33109
1558137592,33109
1558137593,33109
1558137594,33109
1558137595,33109
1558137596,33109
1558137597,33109
1558137598,33109
1558137599,33109
1558137600,33109
1558137601,33109
1558137602,33109
1558137603,33109
1558137604,33109
1558137605,33109
1558137606,33109
1558137607,33109
1558137608,33109
1558137609,33109
1558137610,33109
1558137611,33109
1558137612,33109
1558137613,33109
1558137614,33109
1558137615,33109
1558137616,33109
1558137617,33109
1558137618,33109
1558137619,33109
1558137620,33109
1558137621,33109
1558137622,33109
1558137623,33109
1558137624,33109
1558137625,33109
1558137626,33109
1558137627,33109
1558137628,33109
1558137629,33109
1558137630,33109
1558137631,33109
1558137632,33109
1558137633,33109
1558137634,33109
1558137635,33109
1558137636,33109
1558137637,33109
1558137638,33110
1558137639,33111
1558137640,33111
1558137641,33111
1558137642,33111
1558137643,33111
1558137644,33111
1558137645,33111
1558137646,33111
1558137647,33111
1558137648,33111
1558137649,33112
1558137650,33112
1558137651,33112
1558137652,33112
1558137653,33112
1558137654,33112
1558137655,33112
1558137656,33112
1558137657,33112
1558137658,33112
1558137659,33112
1558137660,33112
1558137661,33112
1558137662,33112
1558137663,33112
1558137664,33112
1558137665,33112
1558137666,33112
1558137667,33112
1558137668,33112
1558137669,33112
1558137670,33112
1558137671,33112
1558137672,33112
1558137673,33112
1558137674,33112
1558137675,33113
1558137676,33114
1558137677,33114
1558137678,33114
1558137679,33114
1558137680,33114
1558137681,33114
1558137682,33114
1558137683,33114
1558137684,33114
1558137685,33114
1558137686,33114
1558137687,33114
1558137688,33114
1558137689,33114
1558137690,33114
1558137691,33114
1558137692,33114
1558137693,33114
1558137694,33114
1558137695,33114
1558137696,33114
1558137697,33114
1558137698,33114
1558137699,33114
1558137700,33114
1558137701,33114
1558137702,33114
1558137703,33114
1558137704,33114
1558137705,33114
1558137706,33114
1558137707,33114
1558137708,33114
1558137709,33114
1558137710,33114
1558137711,33115
1558137712,33116
1558137713,33116
1558137714,33116
1558137715,33116
1558137716,33116
1558137717,33116
1558137718,33116
1558137719,33116
1558137720,33116
1558137721,33116
1558137722,33116
1558137723,33116
1558137724,33116
1558137725,33116
1558137726,33116
1558137727,33116
1558137728,33116
1558137729,33116
1558137730,33116
1558137731,33116
1558137732,33116
1558137733,33116
1558137734,33116
1558137735,33116
1558137736,33116
1558137737,33116
1558137738,33116
1558137739,33116
1558137740,33116
1558137741,33116
1558137742,33116
1558137743,33116
1558137744,33116
1558137745,33116
1558137746,33116
1558137747,33116
1558137748,33116
1558137749,33117
1558137750,33118
1558137751,33118
1558137752,33118
1558137753,33119
1558137754,33119
1558137755,33119
1558137756,33119
1558137757,33119
1558137758,33119
1558137759,33119
1558137760,33119
1558137761,33119
1558137762,33119
1558137763,33119
1558137764,33119
1558137765,33119
1558137766,33119
1558137767,33119
1558137768,33119
1558137769,33119
1558137770,33119
1558137771,33119
1558137772,33119
1558137773,33119
1558137774,33119
1558137775,33119
1558137776,33119
1558137777,33119
1558137778,33119
1558137779,33119
1558137780,33119
1558137781,33119
1558137782,33119
1558137783,33119
1558137784,33119
1558137785,33119
1558137786,33119
1558137787,33119
1558137788,33120
1558137789,33121
1558137790,33121
1558137791,33121
1558137792,33121
1558137793,33121
1558137794,33121
1558137795,33121
1558137796,33121
1558137797,33121
1558137798,33121
1558137799,33121
1558137800,33121
1558137801,33121
1558137802,33121
1558137803,33121
1558137804,33121
1558137805,33121
1558137806,33121
1558137807,33121
1558137808,33121
1558137809,33121
1558137810,33121
1558137811,33121
1558137812,33121
1558137813,33121
1558137814,33121
1558137815,33121
1558137816,33121
1558137817,33121
1558137818,33121
1558137819,33121
1558137820,33121
1558137821,33121
1558137822,33121
1558137823,33121
1558137824,33121
1558137825,33121
1558137826,33121
1558137827,33121
1558137828,33121
1558137829,33121
1558137830,33123
1558137831,33123
1558137832,33123
1558137833,33123
1558137834,33123
1558137835,33123
1558137836,33123
1558137837,33123
1558137838,33123
1558137839,33123
1558137840,33123
1558137841,33123
1558137842,33123
1558137843,33123
1558137844,33123
1558137845,33123
1558137846,33123
1558137847,33123
1558137848,33123
1558137849,33123
1558137850,33123
1558137851,33123
1558137852,33123
1558137853,33123
1558137854,33123
1558137855,33123
1558137856,33123
1558137857,33123
1558137858,33123
1558137859,33123
1558137860,33123
1558137861,33123
1558137862,33123
1558137863,33123
1558137864,33123
1558137865,33123
1558137866,33123
1558137867,33123
1558137868,33123
1558137869,33123
1558137870,33123
1558137871,33123
1558137872,33125
1558137873,33125
1558137874,33125
1558137875,33125
1558137876,33125
1558137877,33125
1558137878,33125
1558137879,33125
1558137880,33125
1558137881,33125
1558137882,33125
1558137883,33125
1558137884,33125
1558137885,33125
1558137886,33125
1558137887,33125
1558137888,33125
1558137889,33125
1558137890,33125
1558137891,33125
1558137892,33125
1558137893,33125
1558137894,33125
1558137895,33125
1558137896,33125
1558137897,33125
1558137898,33125
1558137899,33125
1558137900,33125
1558137901,33125
1558137902,33125
1558137903,33125
1558137904,33125
1558137905,33125
1558137906,33125
1558137907,33125
1558137908,33125
1558137909,33125
1558137910,33125
1558137911,33125
1558137912,33127
1558137913,33127
1558137914,33127
1558137915,33127
1558137916,33127
1558137917,33127
1558137918,33127
1558137919,33127
1558137920,33127
1558137921,33127
1558137922,33127
1558137923,33127
1558137924,33127
1558137925,33127
1558137926,33127
1558137927,33127
1558137928,33127
1558137929,33127
1558137930,33127
1558137931,33127
1558137932,33127
1558137933,33127
1558137934,33127
1558137935,33127
1558137936,33127
1558137937,33127
1558137938,33127
1558137939,33127
1558137940,33127
1558137941,33127
1558137942,33127
1558137943,33127
1558137944,33127
1558137945,33127
1558137946,33127
1558137947,33127
1558137948,33127
1558137949,33127
1558137950,33127
1558137951,33127
1558137952,33127
1558137953,33127
1558137954,33129
1558137955,33129
1558137956,33129
1558137957,33129
1558137958,33129
1558137959,33129
1558137960,33129
1558137961,33129
1558137962,33129
1558137963,33129
1558137964,33129
1558137965,33129
1558137966,33129
1558137967,33129
1558137968,33129
1558137969,33129
1558137970,33129
1558137971,33129
1558137972,33129
1558137973,33129
1558137974,33129
1558137975,33129
1558137976,33129
1558137977,33129
1558137978,33129
1558137979,33129
1558137980,33129
1558137981,33129
1558137982,33129
1558137983,33129
1558137984,33129
1558137985,33129
1558137986,33129
1558137987,33129
1558137988,33129
1558137989,33129
1558137990,33129
1558137991,33129
1558137992,33129
1558137993,33129
1558137994,33129
1558137995,33129
1558137996,33131
1558137997,33131
1558137998,33131
1558137999,33131
1558138000,33131
1558138001,33131
1558138002,33131
1558138003,33131
1558138004,33131
1558138005,33132
1558138006,33132
1558138007,33132
1558138008,33132
1558138009,33132
1558138010,33132
1558138011,33132
1558138012,33132
1558138013,33132
1558138014,33132
1558138015,33132
1558138016,33132
1558138017,33132
1558138018,33132
1558138019,33132
1558138020,33132
1558138021,33132
1558138022,33132
1558138023,33132
1558138024,33132
1558138025,33132
1558138026,33132
1558138027,33132
1558138028,33132
1558138029,33132
1558138030,33132
1558138031,33132
1558138032,33132
1558138033,33132
1558138034,33132
1558138035,33134
1558138036,33134
1558138037,33134
1558138038,33134
1558138039,33134
1558138040,33134
1558138041,33134
1558138042,33134
1558138043,33134
1558138044,33134
1558138045,33134
1558138046,33134
1558138047,33134
1558138048,33134
1558138049,33134
1558138050,33134
1558138051,33134
1558138052,33134
1558138053,33134
1558138054,33134
1558138055,33134
1558138056,33134
1558138057,33134
1558138058,33134
1558138059,33134
1558138060,33134
1558138061,33134
1558138062,33134
1558138063,33134
1558138064,33134
1558138065,33134
1558138066,33134
1558138067,33134
1558138068,33134
1558138069,33134
1558138070,33134
1558138071,33134
1558138072,33134
1558138073,33136
1558138074,33136
1558138075,33136
1558138076,33136
1558138077,33136
1558138078,33136
1558138079,33136
1558138080,33136
1558138081,33136
1558138082,33136
1558138083,33136
1558138084,33136
1558138085,33136
1558138086,33136
1558138087,33136
1558138088,33136
1558138089,33136
1558138090,33136
1558138091,33136
1558138092,33136
1558138093,33136
1558138094,33136
1558138095,33136
1558138096,33136
1558138097,33136
1558138098,33136
1558138099,33136
1558138100,33136
1558138101,33136
1558138102,33136
1558138103,33136
1558138104,33136
1558138105,33136
1558138106,33136
1558138107,33136
1558138108,33136
1558138109,33136
1558138110,33136
1558138111,33136
1558138112,33137
1558138113,33138
1558138114,33138
1558138115,33138
1558138116,33138
1558138117,33138
1558138118,33138
1558138119,33138
1558138120,33138
1558138121,33138
1558138122,33138
1558138123,33138
1558138124,33138
1558138125,33138
1558138126,33138
1558138127,33138
1558138128,33138
1558138129,33138
1558138130,33138
1558138131,33138
1558138132,33138
1558138133,33138
1558138134,33138
1558138135,33138
1558138136,33138
1558138137,33138
1558138138,33138
1558138139,33138
1558138140,33138
1558138141,33138
1558138142,33138
1558138143,33138
1558138144,33138
1558138145,33138
1558138146,33138
1558138147,33138
1558138148,33138
1558138149,33138
1558138150,33138
1558138151,33140
1558138152,33140
1558138153,33140
1558138154,33140
1558138155,33140
1558138156,33140
1558138157,33140
1558138158,33140
1558138159,33140
1558138160,33140
1558138161,33140
1558138162,33140
1558138163,33140
1558138164,33140
1558138165,33140
1558138166,33140
1558138167,33140
1558138168,33140
1558138169,33140
1558138170,33140
1558138171,33140
1558138172,33140
1558138173,33140
1558138174,33140
1558138175,33140
1558138176,33140
1558138177,33140
1558138178,33140
1558138179,33140
1558138180,33140
1558138181,33140
1558138182,33140
1558138183,33140
1558138184,33140
1558138185,33140
1558138186,33140
1558138187,33140
1558138188,33140
1558138189,33140
1558138190,33140
1558138191,33140
1558138192,33142
1558138193,33142
1558138194,33142
1558138195,33142
1558138196,33142
1558138197,33142
1558138198,33142
1558138199,33142
1558138200,33142
1558138201,33142
1558138202,33142
1558138203,33142
1558138204,33142
1558138205,33142
1558138206,33142
1558138207,33142
1558138208,33142
1558138209,33142
1558138210,33142
1558138211,33142
1558138212,33142
1558138213,33142
1558138214,33142
1558138215,33142
1558138216,33142
1558138217,33142
1558138218,33142
1558138219,33142
1558138220,33142
1558138221,33142
1558138222,33142
1558138223,33142
1558138224,33142
1558138225,33142
1558138226,33142
1558138227,33142
1558138228,33142
1558138229,33142
1558138230,33142
1558138231,33143
1558138232,33144
1558138233,33144
1558138234,33145
1558138235,33145
1558138236,33145
1558138237,33145
1558138238,33145
1558138239,33145
1558138240,33145
1558138241,33145
1558138242,33145
1558138243,33145
1558138244,33145
1558138245,33145
1558138246,33145
1558138247,33145
1558138248,33145
1558138249,33145
1558138250,33145
1558138251,33145
1558138252,33145
1558138253,33145
1558138254,33145
1558138255,33145
1558138256,33145
1558138257,33145
1558138258,33145
1558138259,33145
1558138260,33145
1558138261,33145
1558138262,33145
1558138263,33145
1558138264,33145
1558138265,33145
1558138266,33145
1558138267,33145
1558138268,33145
1558138269,33145
1558138270,33145
1558138271,33147
1558138272,33147
1558138273,33147
1558138274,33147
1558138275,33147
1558138276,33147
1558138277,33147
1558138278,33147
1558138279,33147
1558138280,33147
1558138281,33147
1558138282,33147
1558138283,33147
1558138284,33147
1558138285,33147
1558138286,33147
1558138287,33147
1558138288,33147
1558138289,33147
1558138290,33147
1558138291,33147
1558138292,33147
1558138293,33147
1558138294,33147
1558138295,33147
1558138296,33147
1558138297,33147
1558138298,33147
1558138299,33147
1558138300,33147
1558138301,33147
1558138302,33147
1558138303,33147
1558138304,33147
1558138305,33147
1558138306,33147
1558138307,33147
1558138308,33147
1558138309,33147
1558138310,33147
1558138311,33147
1558138312,33148
1558138313,33149
1558138314,33149
1558138315,33149
1558138316,33149
1558138317,33149
1558138318,33149
1558138319,33149
1558138320,33149
1558138321,33149
1558138322,33149
1558138323,33149
1558138324,33149
1558138325,33149
1558138326,33149
1558138327,33149
1558138328,33149
1558138329,33149
1558138330,33149
1558138331,33149
1558138332,33149
1558138333,33149
1558138334,33149
1558138335,33149
1558138336,33149
1558138337,33149
1558138338,33149
1558138339,33149
1558138340,33149
1558138341,33149
1558138342,33149
1558138343,33149
1558138344,33149
1558138345,33149
1558138346,33149
1558138347,33149
1558138348,33149
1558138349,33149
1558138350,33149
1558138351,33149
1558138352,33150
1558138353,33151
1558138354,33151
1558138355,33152
1558138356,33152
1558138357,33152
1558138358,33152
1558138359,33152
1558138360,33152
1558138361,33152
1558138362,33152
1558138363,33152
1558138364,33152
1558138365,33152
1558138366,33152
1558138367,33152
1558138368,33152
1558138369,33152
1558138370,33152
1558138371,33152
1558138372,33152
1558138373,33152
1558138374,33152
1558138375,33152
1558138376,33152
1558138377,33152
1558138378,33152
1558138379,33152
1558138380,33152
1558138381,33152
1558138382,33152
1558138383,33152
1558138384,33152
1558138385,33152
1558138386,33152
1558138387,33152
1558138388,33152
1558138389,33152
1558138390,33152
1558138391,33152
1558138392,33152
1558138393,33152
1558138394,33153
1558138395,33154
1558138396,33154
1558138397,33154
1558138398,33154
1558138399,33154
1558138400,33154
1558138401,33154
1558138402,33154
1558138403,33154
1558138404,33154
1558138405,33154
1558138406,33154
1558138407,33154
1558138408,33154
1558138409,33154
1558138410,33154
1558138411,33154
1558138412,33154
1558138413,33154
1558138414,33154
1558138415,33154
1558138416,33154
1558138417,33154
1558138418,33154
1558138419,33154
1558138420,33155
1558138421,33155
1558138422,33155
1558138423,33155
1558138424,33155
1558138425,33155
1558138426,33155
1558138427,33155
1558138428,33155
1558138429,33155
1558138430,33155
1558138431,33155
1558138432,33155
1558138433,33155
1558138434,33155
1558138435,33157
1558138436,33157
1558138437,33157
1558138438,33157
1558138439,33157
1558138440,33157
1558138441,33157
1558138442,33157
1558138443,33157
1558138444,33157
1558138445,33157
1558138446,33157
1558138447,33157
1558138448,33157
1558138449,33157
1558138450,33157
1558138451,33157
1558138452,33157
1558138453,33157
1558138454,33157
1558138455,33157
1558138456,33157
1558138457,33157
1558138458,33157
1558138459,33157
1558138460,33157
1558138461,33157
1558138462,33157
1558138463,33157
1558138464,33157
1558138465,33157
1558138466,33157
1558138467,33157
1558138468,33157
1558138469,33157
1558138470,33157
1558138471,33157
1558138472,33157
1558138473,33157
1558138474,33157
1558138475,33157
1558138476,33157
1558138477,33159
1558138478,33159
1558138479,33159
1558138480,33159
1558138481,33159
1558138482,33159
1558138483,33159
1558138484,33159
1558138485,33159
1558138486,33159
1558138487,33159
1558138488,33159
1558138489,33159
1558138490,33159
1558138491,33159
1558138492,33159
1558138493,33159
1558138494,33159
1558138495,33159
1558138496,33159
1558138497,33159
1558138498,33159
1558138499,33159
1558138500,33159
1558138501,33159
1558138502,33159
1558138503,33159
1558138504,33159
1558138505,33159
1558138506,33159
1558138507,33159
1558138508,33159
1558138509,33159
1558138510,33159
1558138511,33159
1558138512,33159
1558138513,33159
1558138514,33159
1558138515,33161
1558138516,33161
1558138517,33161
1558138518,33161
1558138519,33161
1558138520,33161
1558138521,33161
1558138522,33161
1558138523,33161
1558138524,33161
1558138525,33161
1558138526,33161
1558138527,33161
1558138528,33161
1558138529,33161
1558138530,33161
1558138531,33161
1558138532,33161
1558138533,33161
1558138534,33161
1558138535,33161
1558138536,33161
1558138537,33161
1558138538,33161
1558138539,33161
1558138540,33162
1558138541,33162
1558138542,33162
1558138543,33162
1558138544,33162
1558138545,33162
1558138546,33162
1558138547,33162
1558138548,33162
1558138549,33162
1558138550,33162
1558138551,33162
1558138552,33164
1558138553,33164
1558138554,33164
1558138555,33164
1558138556,33164
1558138557,33164
1558138558,33164
1558138559,33164
1558138560,33164
1558138561,33164
1558138562,33164
1558138563,33164
1558138564,33164
1558138565,33164
1558138566,33164
1558138567,33164
1558138568,33164
1558138569,33164
1558138570,33164
1558138571,33164
1558138572,33164
1558138573,33164
1558138574,33164
1558138575,33164
1558138576,33164
1558138577,33164
1558138578,33164
1558138579,33164
1558138580,33164
1558138581,33164
1558138582,33164
1558138583,33164
1558138584,33164
1558138585,33164
1558138586,33164
1558138587,33164
1558138588,33166
1558138589,33166
1558138590,33166
1558138591,33166
1558138592,33166
1558138593,33166
1558138594,33166
1558138595,33166
1558138596,33166
1558138597,33166
1558138598,33166
1558138599,33166
1558138600,33166
1558138601,33166
1558138602,33166
1558138603,33166
1558138604,33166
1558138605,33166
1558138606,33166
1558138607,33166
1558138608,33166
1558138609,33166
1558138610,33166
1558138611,33166
1558138612,33166
1558138613,33166
1558138614,33166
1558138615,33166
1558138616,33166
1558138617,33166
1558138618,33166
1558138619,33166
1558138620,33166
1558138621,33166
1558138622,33169
1558138623,33169
1558138624,33171
1558138625,33171
1558138626,33171
1558138627,33171
1558138628,33171
1558138629,33171
1558138630,33171
1558138631,33171
1558138632,33171
1558138633,33171
1558138634,33171
1558138635,33171
1558138636,33171
1558138637,33171
1558138638,33171
1558138639,33171
1558138640,33171
1558138641,33171
1558138642,33171
1558138643,33171
1558138644,33171
1558138645,33171
1558138646,33171
1558138647,33171
1558138648,33171
1558138649,33171
1558138650,33171
1558138651,33171
1558138652,33171
1558138653,33171
1558138654,33171
1558138655,33171
1558138656,33171
1558138657,33171
1558138658,33171
1558138659,33171
1558138660,33171
1558138661,33171
1558138662,33172
1558138663,33173
1558138664,33173
1558138665,33173
1558138666,33173
1558138667,33173
1558138668,33173
1558138669,33173
1558138670,33173
1558138671,33173
1558138672,33173
1558138673,33173
1558138674,33173
1558138675,33173
1558138676,33173
1558138677,33173
1558138678,33173
1558138679,33173
1558138680,33173
1558138681,33173
1558138682,33173
1558138683,33173
1558138684,33173
1558138685,33173
1558138686,33173
1558138687,33173
1558138688,33173
1558138689,33173
1558138690,33173
1558138691,33173
1558138692,33173
1558138693,33173
1558138694,33173
1558138695,33173
1558138696,33173
1558138697,33175
1558138698,33175
1558138699,33175
1558138700,33175
1558138701,33175
1558138702,33175
1558138703,33175
1558138704,33175
1558138705,33175
1558138706,33175
1558138707,33175
1558138708,33175
1558138709,33175
1558138710,33175
1558138711,33175
1558138712,33175
1558138713,33175
1558138714,33175
1558138715,33175
1558138716,33175
1558138717,33175
1558138718,33175
1558138719,33175
1558138720,33175
1558138721,33176
1558138722,33176
1558138723,33176
1558138724,33176
1558138725,33176
1558138726,33176
1558138727,33176
1558138728,33176
1558138729,33176
1558138730,33176
1558138731,33176
1558138732,33178
1558138733,33178
1558138734,33178
1558138735,33178
1558138736,33178
1558138737,33178
1558138738,33178
1558138739,33178
1558138740,33178
1558138741,33178
1558138742,33178
1558138743,33178
1558138744,33178
1558138745,33178
1558138746,33178
1558138747,33178
1558138748,33178
1558138749,33178
1558138750,33178
1558138751,33178
1558138752,33178
1558138753,33178
1558138754,33178
1558138755,33178
1558138756,33178
1558138757,33178
1558138758,33178
1558138759,33178
1558138760,33178
1558138761,33178
1558138762,33178
1558138763,33178
1558138764,33178
1558138765,33178
1558138766,33178
1558138767,33178
1558138768,33179
1558138769,33180
1558138770,33180
1558138771,33180
1558138772,33180
1558138773,33180
1558138774,33180
1558138775,33180
1558138776,33180
1558138777,33180
1558138778,33180
1558138779,33180
1558138780,33180
1558138781,33180
1558138782,33180
1558138783,33180
1558138784,33180
1558138785,33180
1558138786,33180
1558138787,33180
1558138788,33180
1558138789,33180
1558138790,33180
1558138791,33180
1558138792,33180
1558138793,33180
1558138794,33180
1558138795,33180
1558138796,33180
1558138797,33180
1558138798,33180
1558138799,33180
1558138800,33180
1558138801,33180
1558138802,33180
1558138803,33180
1558138804,33180
1558138805,33180
1558138806,33181
1558138807,33182
1558138808,33182
1558138809,33182
1558138810,33182
1558138811,33182
1558138812,33182
1558138813,33182
1558138814,33182
1558138815,33182
1558138816,33182
1558138817,33182
1558138818,33182
1558138819,33182
1558138820,33182
1558138821,33182
1558138822,33182
1558138823,33182
1558138824,33182
1558138825,33182
1558138826,33182
1558138827,33182
1558138828,33182
1558138829,33182
1558138830,33182
1558138831,33182
1558138832,33182
1558138833,33182
1558138834,33182
1558138835,33182
1558138836,33182
1558138837,33182
1558138838,33182
1558138839,33182
1558138840,33182
1558138841,33182
1558138842,33182
1558138843,33182
1558138844,33182
1558138845,33182
1558138846,33184
1558138847,33184
1558138848,33184
1558138849,33184
1558138850,33184
1558138851,33184
1558138852,33184
1558138853,33184
1558138854,33184
1558138855,33184
1558138856,33184
1558138857,33184
1558138858,33184
1558138859,33184
1558138860,33184
1558138861,33184
1558138862,33184
1558138863,33184
1558138864,33184
1558138865,33184
1558138866,33184
1558138867,33184
1558138868,33184
1558138869,33184
1558138870,33184
1558138871,33184
1558138872,33184
1558138873,33184
1558138874,33184
1558138875,33184
1558138876,33184
1558138877,33184
1558138878,33184
1558138879,33184
1558138880,33184
1558138881,33184
1558138882,33184
1558138883,33184
1558138884,33184
1558138885,33184
1558138886,33184
1558138887,33185
1558138888,33186
1558138889,33186
1558138890,33186
1558138891,33186
1558138892,33186
1558138893,33186
1558138894,33186
1558138895,33186
1558138896,33186
1558138897,33186
1558138898,33186
1558138899,33186
1558138900,33186
1558138901,33186
1558138902,33186
1558138903,33186
1558138904,33186
1558138905,33186
1558138906,33186
1558138907,33186
1558138908,33186
1558138909,33186
1558138910,33186
1558138911,33186
1558138912,33186
1558138913,33186
1558138914,33186
1558138915,33186
1558138916,33186
1558138917,33186
1558138918,33186
1558138919,33186
1558138920,33186
1558138921,33186
1558138922,33186
1558138923,33186
1558138924,33186
1558138925,33186
1558138926,33186
1558138927,33186
1558138928,33186
1558138929,33188
1558138930,33188
1558138931,33188
1558138932,33188
1558138933,33188
1558138934,33188
1558138935,33188
1558138936,33188
1558138937,33188
1558138938,33188
1558138939,33188
1558138940,33188
1558138941,33188
1558138942,33188
1558138943,33188
1558138944,33188
1558138945,33188
1558138946,33188
1558138947,33188
1558138948,33188
1558138949,33188
1558138950,33188
1558138951,33188
1558138952,33188
1558138953,33188
1558138954,33188
1558138955,33188
1558138956,33188
1558138957,33188
1558138958,33188
1558138959,33188
1558138960,33188
1558138961,33188
1558138962,33188
1558138963,33188
1558138964,33188
1558138965,33188
1558138966,33188
1558138967,33188
1558138968,33188
1558138969,33188
1558138970,33189
1558138971,33190
1558138972,33190
1558138973,33190
1558138974,33190
1558138975,33190
1558138976,33190
1558138977,33190
1558138978,33190
1558138979,33190
1558138980,33190
1558138981,33190
1558138982,33190
1558138983,33190
1558138984,33190
1558138985,33190
1558138986,33190
1558138987,33190
1558138988,33190
1558138989,33190
1558138990,33190
1558138991,33190
1558138992,33190
1558138993,33190
1558138994,33190
1558138995,33190
1558138996,33190
1558138997,33190
1558138998,33190
1558138999,33190
1558139000,33190
1558139001,33190
1558139002,33190
1558139003,33190
1558139004,33190
1558139005,33190
1558139006,33190
1558139007,33190
1558139008,33190
1558139009,33190
1558139010,33192
1558139011,33192
1558139012,33192
1558139013,33192
1558139014,33192
1558139015,33192
1558139016,33192
1558139017,33192
1558139018,33192
1558139019,33192
1558139020,33192
1558139021,33192
1558139022,33192
1558139023,33192
1558139024,33192
1558139025,33192
1558139026,33192
1558139027,33192
1558139028,33192
1558139029,33192
1558139030,33192
1558139031,33192
1558139032,33192
1558139033,33192
1558139034,33192
1558139035,33192
1558139036,33192
1558139037,33192
1558139038,33192
1558139039,33192
1558139040,33192
1558139041,33192
1558139042,33192
1558139043,33192
1558139044,33192
1558139045,33192
1558139046,33192
1558139047,33192
1558139048,33192
1558139049,33192
1558139050,33192
1558139051,33194
1558139052,33194
1558139053,33194
1558139054,33194
1558139055,33194
1558139056,33194
1558139057,33194
1558139058,33194
1558139059,33194
1558139060,33194
1558139061,33194
1558139062,33194
1558139063,33194
1558139064,33194
1558139065,33194
1558139066,33194
1558139067,33194
1558139068,33194
1558139069,33194
1558139070,33194
1558139071,33194
1558139072,33194
1558139073,33194
1558139074,33194
1558139075,33194
1558139076,33194
1558139077,33194
1558139078,33194
1558139079,33194
1558139080,33194
1558139081,33194
1558139082,33194
1558139083,33194
1558139084,33194
1558139085,33194
1558139086,33194
1558139087,33194
1558139088,33195
1558139089,33195
1558139090,33195
1558139091,33197
1558139092,33197
1558139093,33197
1558139094,33197
1558139095,33197
1558139096,33197
1558139097,33197
1558139098,33197
1558139099,33197
1558139100,33197
1558139101,33197
1558139102,33197
1558139103,33197
1558139104,33197
1558139105,33197
1558139106,33197
1558139107,33197
1558139108,33197
1558139109,33197
1558139110,33197
1558139111,33197
1558139112,33197
1558139113,33197
1558139114,33197
1558139115,33197
1558139116,33197
1558139117,33197
1558139118,33197
1558139119,33197
1558139120,33197
1558139121,33197
1558139122,33197
1558139123,33197
1558139124,33197
1558139125,33197
1558139126,33197
1558139127,33197
1558139128,33197
1558139129,33199
1558139130,33199
1558139131,33199
1558139132,33199
1558139133,33199
1558139134,33199
1558139135,33199
1558139136,33199
1558139137,33199
1558139138,33199
1558139139,33199
1558139140,33199
1558139141,33199
1558139142,33199
1558139143,33199
1558139144,33199
1558139145,33199
1558139146,33199
1558139147,33199
1558139148,33199
1558139149,33199
1558139150,33199
1558139151,33199
1558139152,33199
1558139153,33199
1558139154,33199
1558139155,33199
1558139156,33199
1558139157,33199
1558139158,33199
1558139159,33199
1558139160,33199
1558139161,33199
1558139162,33199
1558139163,33199
1558139164,33199
1558139165,33199
1558139166,33200
1558139167,33201
1558139168,33201
1558139169,33201
1558139170,33201
1558139171,33201
1558139172,33201
1558139173,33201
1558139174,33201
1558139175,33201
1558139176,33201
1558139177,33201
1558139178,33201
1558139179,33201
1558139180,33201
1558139181,33201
1558139182,33201
1558139183,33201
1558139184,33201
1558139185,33201
1558139186,33201
1558139187,33201
1558139188,33201
1558139189,33201
1558139190,33201
1558139191,33201
1558139192,33201
1558139193,33201
1558139194,33201
1558139195,33201
1558139196,33201
1558139197,33201
1558139198,33201
1558139199,33201
1558139200,33201
1558139201,33201
1558139202,33201
1558139203,33203
1558139204,33203
1558139205,33203
1558139206,33203
1558139207,33203
1558139208,33203
1558139209,33203
1558139210,33203
1558139211,33203
1558139212,33203
1558139213,33203
1558139214,33203
1558139215,33203
1558139216,33203
1558139217,33203
1558139218,33203
1558139219,33203
1558139220,33203
1558139221,33203
1558139222,33203
1558139223,33203
1558139224,33203
1558139225,33203
1558139226,33203
1558139227,33203
1558139228,33203
1558139229,33203
1558139230,33203
1558139231,33203
1558139232,33203
1558139233,33203
1558139234,33203
1558139235,33203
1558139236,33203
1558139237,33203
1558139238,33203
1558139239,33203
1558139240,33205
1558139241,33205
1558139242,33205
1558139243,33205
1558139244,33205
1558139245,33205
1558139246,33205
1558139247,33205
1558139248,33205
1558139249,33205
1558139250,33205
1558139251,33205
1558139252,33205
1558139253,33205
1558139254,33205
1558139255,33205
1558139256,33205
1558139257,33205
1558139258,33205
1558139259,33205
1558139260,33205
1558139261,33205
1558139262,33205
1558139263,33205
1558139264,33205
1558139265,33205
1558139266,33205
1558139267,33205
1558139268,33205
1558139269,33205
1558139270,33205
1558139271,33205
1558139272,33205
1558139273,33205
1558139274,33205
1558139275,33205
1558139276,33206
1558139277,33207
1558139278,33207
1558139279,33207
1558139280,33207
1558139281,33207
1558139282,33207
1558139283,33207
1558139284,33207
1558139285,33207
1558139286,33207
1558139287,33207
1558139288,33207
1558139289,33207
1558139290,33207
1558139291,33207
1558139292,33207
1558139293,33207
1558139294,33207
1558139295,33207
1558139296,33207
1558139297,33207
1558139298,33207
1558139299,33207
1558139300,33207
1558139301,33207
1558139302,33207
1558139303,33207
1558139304,33207
1558139305,33207
1558139306,33207
1558139307,33207
1558139308,33207
1558139309,33207
1558139310,33207
1558139311,33207
1558139312,33207
1558139313,33207
1558139314,33207
1558139315,33208
1558139316,33209
1558139317,33209
1558139318,33209
1558139319,33209
1558139320,33209
1558139321,33209
1558139322,33209
1558139323,33209
1558139324,33209
1558139325,33209
1558139326,33209
1558139327,33209
1558139328,33209
1558139329,33209
1558139330,33209
1558139331,33209
1558139332,33209
1558139333,33209
1558139334,33209
1558139335,33209
1558139336,33209
1558139337,33209
1558139338,33209
1558139339,33209
1558139340,33209
1558139341,33209
1558139342,33209
1558139343,33209
1558139344,33209
1558139345,33209
1558139346,33209
1558139347,33209
1558139348,33209
1558139349,33209
1558139350,33209
1558139351,33209
1558139352,33211
1558139353,33211
1558139354,33211
1558139355,33211
1558139356,33211
1558139357,33211
1558139358,33211
1558139359,33211
1558139360,33211
1558139361,33211
1558139362,33211
1558139363,33211
1558139364,33211
1558139365,33211
1558139366,33211
1558139367,33211
1558139368,33211
1558139369,33211
1558139370,33211
1558139371,33211
1558139372,33211
1558139373,33211
1558139374,33211
1558139375,33211
1558139376,33211
1558139377,33211
1558139378,33211
1558139379,33211
1558139380,33211
1558139381,33211
1558139382,33212
1558139383,33212
1558139384,33212
1558139385,33212
1558139386,33212
1558139387,33214
1558139388,33214
1558139389,33214
1558139390,33214
1558139391,33214
1558139392,33214
1558139393,33214
1558139394,33214
1558139395,33214
1558139396,33214
1558139397,33214
1558139398,33214
1558139399,33214
1558139400,33214
1558139401,33214
1558139402,33214
1558139403,33214
1558139404,33214
1558139405,33214
1558139406,33214
1558139407,33214
1558139408,33214
1558139409,33214
1558139410,33214
1558139411,33214
1558139412,33214
1558139413,33214
1558139414,33214
1558139415,33214
1558139416,33214
1558139417,33214
1558139418,33214
1558139419,33214
1558139420,33214
1558139421,33215
1558139422,33216
1558139423,33216
1558139424,33216
1558139425,33216
1558139426,33216
1558139427,33216
1558139428,33216
1558139429,33216
1558139430,33216
1558139431,33216
1558139432,33216
1558139433,33216
1558139434,33216
1558139435,33216
1558139436,33216
1558139437,33216
1558139438,33216
1558139439,33216
1558139440,33216
1558139441,33216
1558139442,33216
1558139443,33216
1558139444,33216
1558139445,33216
1558139446,33216
1558139447,33216
1558139448,33216
1558139449,33216
1558139450,33216
1558139451,33216
1558139452,33216
1558139453,33216
1558139454,33216
1558139455,33216
1558139456,33216
1558139457,33218
1558139458,33218
1558139459,33218
1558139460,33218
1558139461,33218
1558139462,33218
1558139463,33218
1558139464,33218
1558139465,33218
1558139466,33218
1558139467,33218
1558139468,33218
1558139469,33218
1558139470,33218
1558139471,33218
1558139472,33218
1558139473,33218
1558139474,33218
1558139475,33218
1558139476,33218
1558139477,33218
1558139478,33218
1558139479,33218
1558139480,33218
1558139481,33218
1558139482,33218
1558139483,33218
1558139484,33218
1558139485,33218
1558139486,33218
1558139487,33218
1558139488,33218
1558139489,33218
1558139490,33218
1558139491,33218
1558139492,33220
1558139493,33220
1558139494,33220
1558139495,33221
1558139496,33221
1558139497,33221
1558139498,33221
1558139499,33221
1558139500,33221
1558139501,33221
1558139502,33221
1558139503,33221
1558139504,33221
1558139505,33221
1558139506,33221
1558139507,33221
1558139508,33221
1558139509,33221
1558139510,33221
1558139511,33221
1558139512,33221
1558139513,33221
1558139514,33221
1558139515,33221
1558139516,33221
1558139517,33221
1558139518,33221
1558139519,33221
1558139520,33221
1558139521,33221
1558139522,33221
1558139523,33221
1558139524,33221
1558139525,33221
1558139526,33223
1558139527,33223
1558139528,33223
1558139529,33223
1558139530,33223
1558139531,33223
1558139532,33223
1558139533,33223
1558139534,33223
1558139535,33223
1558139536,33223
1558139537,33223
1558139538,33223
1558139539,33223
1558139540,33223
1558139541,33223
1558139542,33223
1558139543,33223
1558139544,33223
1558139545,33223
1558139546,33223
1558139547,33223
1558139548,33223
1558139549,33223
1558139550,33223
1558139551,33223
1558139552,33223
1558139553,33223
1558139554,33223
1558139555,33223
1558139556,33223
1558139557,33223
1558139558,33223
1558139559,33225
1558139560,33225
1558139561,33225
1558139562,33225
1558139563,33225
1558139564,33225
1558139565,33225
1558139566,33225
1558139567,33225
1558139568,33225
1558139569,33225
1558139570,33225
1558139571,33225
1558139572,33225
1558139573,33225
1558139574,33225
1558139575,33225
1558139576,33225
1558139577,33225
1558139578,33225
1558139579,33225
1558139580,33225
1558139581,33225
1558139582,33225
1558139583,33225
1558139584,33225
1558139585,33225
1558139586,33225
1558139587,33225
1558139588,33225
1558139589,33225
1558139590,33227
1558139591,33227
1558139592,33227
1558139593,33227
1558139594,33227
1558139595,33227
1558139596,33227
1558139597,33227
1558139598,33227
1558139599,33227
1558139600,33227
1558139601,33227
1558139602,33227
1558139603,33227
1558139604,33227
1558139605,33227
1558139606,33227
1558139607,33227
1558139608,33227
1558139609,33227
1558139610,33227
1558139611,33227
1558139612,33227
1558139613,33227
1558139614,33227
1558139615,33227
1558139616,33227
1558139617,33227
1558139618,33227
1558139619,33227
1558139620,33227
1558139621,33227
1558139622,33227
1558139623,33227
1558139624,33227
1558139625,33227
1558139626,33227
1558139627,33227
1558139628,33227
1558139629,33227
1558139630,33227
1558139631,33227
1558139632,33227
1558139633,33227
1558139634,33227
1558139635,33227
1558139636,33227
1558139637,33227
1558139638,33227
1558139639,33227
1558139640,33227
1558139641,33227
1558139642,33227
1558139643,33227
1558139644,33227
1558139645,33227
1558139646,33227
1558139647,33227
1558139648,33227
1558139649,33227
1558139650,33227
1558139651,33227
1558139652,33227
1558139653,33227
1558139654,33227
1558139655,33227
1558139656,33227
1558139657,33227
1558139658,33227
1558139659,33229
1558139660,33229
1558139661,33229
1558139662,33229
1558139663,33229
1558139664,33229
1558139665,33230
1558139666,33230
1558139667,33230
1558139668,33230
1558139669,33230
1558139670,33230
1558139671,33230
1558139672,33230
1558139673,33230
1558139674,33230
1558139675,33230
1558139676,33230
1558139677,33230
1558139678,33230
1558139679,33230
1558139680,33230
1558139681,33230
1558139682,33230
1558139683,33230
1558139684,33230
1558139685,33230
1558139686,33230
1558139687,33230
1558139688,33230
1558139689,33230
1558139690,33230
1558139691,33231
1558139692,33231
1558139693,33232
1558139694,33232
1558139695,33232
1558139696,33232
1558139697,33232
1558139698,33232
1558139699,33232
1558139700,33232
1558139701,33232
1558139702,33232
1558139703,33232
1558139704,33232
1558139705,33232
1558139706,33232
1558139707,33232
1558139708,33232
1558139709,33232
1558139710,33232
1558139711,33232
1558139712,33232
1558139713,33232
1558139714,33232
1558139715,33232
1558139716,33232
1558139717,33232
1558139718,33232
1558139719,33232
1558139720,33232
1558139721,33232
1558139722,33232
1558139723,33232
1558139724,33232
1558139725,33232
1558139726,33232
1558139727,33232
1558139728,33232
1558139729,33232
1558139730,33232
1558139731,33232
1558139732,33232
1558139733,33232
1558139734,33232
1558139735,33232
1558139736,33232
1558139737,33232
1558139738,33232
1558139739,33232
1558139740,33232
1558139741,33232
1558139742,33232
1558139743,33232
1558139744,33232
1558139745,33232
1558139746,33232
1558139747,33232
1558139748,33232
1558139749,33232
1558139750,33232
1558139751,33232
1558139752,33232
1558139753,33232
1558139754,33232
1558139755,33232
1558139756,33232
1558139757,33232
1558139758,33232
1558139759,33232
1558139760,33232
1558139761,33232
1558139762,33232
1558139763,33232
1558139764,33232
1558139765,33232
1558139766,33232
1558139767,33232
1558139768,33232
1558139769,33232
1558139770,33232
1558139771,33232
1558139772,33232
1558139773,33232
1558139774,33232
1558139775,33232
1558139776,33232
1558139777,33232
1558139778,33232
1558139779,33232
1558139780,33232
1558139781,33232
1558139782,33232
1558139783,33232
1558139784,33232
1558139785,33232
1558139786,33232
1558139787,33232
1558139788,33232
1558139789,33233
1558139790,33234
1558139791,33234
1558139792,33234
1558139793,33234
1558139794,33234
1558139795,33234
1558139796,33234
1558139797,33234
1558139798,33234
1558139799,33234
1558139800,33234
1558139801,33234
1558139802,33234
1558139803,33234
1558139804,33234
1558139805,33234
1558139806,33234
1558139807,33234
1558139808,33234
1558139809,33234
1558139810,33234
1558139811,33234
1558139812,33234
1558139813,33234
1558139814,33234
1558139815,33234
1558139816,33234
1558139817,33234
1558139818,33234
1558139819,33234
1558139820,33235
1558139821,33235
1558139822,33235
1558139823,33235
1558139824,33235
1558139825,33235
1558139826,33235
1558139827,33235
1558139828,33235
1558139829,33235
1558139830,33235
1558139831,33235
1558139832,33235
1558139833,33235
1558139834,33235
1558139835,33235
1558139836,33235
1558139837,33235
1558139838,33235
1558139839,33235
1558139840,33235
1558139841,33235
1558139842,33235
1558139843,33235
1558139844,33235
1558139845,33235
1558139846,33235
1558139847,33235
1558139848,33235
1558139849,33235
1558139850,33235
1558139851,33235
1558139852,33235
1558139853,33235
1558139854,33235
1558139855,33235
1558139856,33235
1558139857,33235
1558139858,33235
1558139859,33235
1558139860,33235
1558139861,33235
1558139862,33235
1558139863,33235
1558139864,33235
1558139865,33235
1558139866,33235
1558139867,33235
1558139868,33235
1558139869,33235
1558139870,33235
1558139871,33235
1558139872,33235
1558139873,33235
1558139874,33235
1558139875,33235
1558139876,33235
1558139877,33235
1558139878,33235
1558139879,33235
1558139880,33235
1558139881,33235
1558139882,33235
1558139883,33235
1558139884,33235
1558139885,33235
1558139886,33235
1558139887,33235
1558139888,33235
1558139889,33235
1558139890,33235
1558139891,33235
1558139892,33235
1558139893,33235
1558139894,33235
1558139895,33235
1558139896,33235
1558139897,33235
1558139898,33235
1558139899,33235
1558139900,33235
1558139901,33235
1558139902,33235
1558139903,33235
1558139904,33235
1558139905,33235
1558139906,33235
1558139907,33235
1558139908,33235
1558139909,33235
1558139910,33235
1558139911,33235
1558139912,33235
1558139913,33235
1558139914,33235
1558139915,33235
1558139916,33235
1558139917,33235
1558139918,33235
1558139919,33235
1558139920,33235
1558139921,33235
1558139922,33235
1558139923,33235
1558139924,33235
1558139925,33235
1558139926,33235
1558139927,33235
1558139928,33235
1558139929,33235
1558139930,33235
1558139931,33235
1558139932,33235
1558139933,33235
1558139934,33235
1558139935,33235
1558139936,33235
1558139937,33235
1558139938,33235
1558139939,33235
1558139940,33235
1558139941,33235
1558139942,33235
1558139943,33235
1558139944,33235
1558139945,33235
1558139946,33235
1558139947,33235
1558139948,33235
1558139949,33235
1558139950,33235
1558139951,33235
1558139952,33235
1558139953,33235
1558139954,33235
1558139955,33235
1558139956,33235
1558139957,33235
1558139958,33235
1558139959,33235
1558139960,33235
1558139961,33235
1558139962,33235
1558139963,33236
1558139964,33236
1558139965,33236
1558139966,33236
1558139967,33236
1558139968,33236
1558139969,33236
1558139970,33236
1558139971,33236
1558139972,33236
1558139973,33236
1558139974,33236
1558139975,33236
1558139976,33236
1558139977,33236
1558139978,33236
1558139979,33236
1558139980,33236
1558139981,33236
1558139982,33236
1558139983,33236
1558139984,33236
1558139985,33236
1558139986,33236
1558139987,33236
1558139988,33236
1558139989,33237
1558139990,33237
1558139991,33237
1558139992,33237
1558139993,33237
1558139994,33237
1558139995,33237
1558139996,33237
1558139997,33237
1558139998,33237
1558139999,33237
1558140000,33237
1558140001,33237
1558140002,33237
1558140003,33237
1558140004,33237
1558140005,33237
1558140006,33237
1558140007,33237
1558140008,33237
1558140009,33237
1558140010,33237
1558140011,33237
1558140012,33237
1558140013,33237
1558140014,33237
1558140015,33237
1558140016,33237
1558140017,33237
1558140018,33237
1558140019,33237
1558140020,33237
1558140021,33237
1558140022,33237
1558140023,33237
1558140024,33237
1558140025,33237
1558140026,33237
1558140027,33237
1558140028,33237
1558140029,33237
1558140030,33237
1558140031,33237
1558140032,33237
1558140033,33237
1558140034,33237
1558140035,33237
1558140036,33237
1558140037,33237
1558140038,33237
1558140039,33237
1558140040,33237
1558140041,33237
1558140042,33237
1558140043,33237
1558140044,33237
1558140045,33237
1558140046,33237
1558140047,33237
1558140048,33237
1558140049,33237
1558140050,33237
1558140051,33237
1558140052,33237
1558140053,33237
1558140054,33237
1558140055,33237
1558140056,33237
1558140057,33237
1558140058,33237
1558140059,33237
1558140060,33237
1558140061,33237
1558140062,33237
1558140063,33237
1558140064,33237
1558140065,33237
1558140066,33237
1558140067,33237
1558140068,33237
1558140069,33237
1558140070,33237
1558140071,33237
1558140072,33237
1558140073,33237
1558140074,33237
1558140075,33237
1558140076,33237
1558140077,33237
1558140078,33237
1558140079,33237
1558140080,33237
1558140081,33237
1558140082,33237
1558140083,33237
1558140084,33237
1558140085,33237
1558140086,33237
1558140087,33237
1558140088,33237
1558140089,33237
1558140090,33237
1558140091,33237
1558140092,33237
1558140093,33237
1558140094,33237
1558140095,33237
1558140096,33237
1558140097,33237
1558140098,33237
1558140099,33237
1558140100,33237
1558140101,33237
1558140102,33237
1558140103,33237
1558140104,33237
1558140105,33237
1558140106,33237
1558140107,33237
1558140108,33237
1558140109,33237
1558140110,33237
1558140111,33237
1558140112,33237
1558140113,33237
1558140114,33237
1558140115,33237
1558140116,33237
1558140117,33237
1558140118,33237
1558140119,33237
1558140120,33237
1558140121,33237
1558140122,33237
1558140123,33237
1558140124,33237
1558140125,33237
1558140126,33237
1558140127,33237
1558140128,33237
1558140129,33237
1558140130,33237
1558140131,33237
1558140132,33237
1558140133,33237
1558140134,33237
1558140135,33237
1558140136,33237
1558140137,33237
1558140138,33237
1558140139,33237
1558140140,33237
1558140141,33237
1558140142,33237
1558140143,33237
1558140144,33237
1558140145,33237
1558140146,33237
1558140147,33237
1558140148,33237
1558140149,33237
1558140150,33237
1558140151,33237
1558140152,33237
1558140153,33237
1558140154,33237
1558140155,33237
1558140156,33237
1558140157,33237
1558140158,33237
1558140159,33237
1558140160,33237
1558140161,33237
1558140162,33237
1558140163,33237
1558140164,33238
1558140165,33238
1558140166,33238
1558140167,33238
1558140168,33238
1558140169,33238
1558140170,33238
1558140171,33238
1558140172,33238
1558140173,33238
1558140174,33238
1558140175,33238
1558140176,33238
1558140177,33238
1558140178,33238
1558140179,33238
1558140180,33238
1558140181,33238
1558140182,33238
1558140183,33238
1558140184,33238
1558140185,33238
1558140186,33238
1558140187,33238
1558140188,33238
1558140189,33238
1558140190,33238
1558140191,33238
1558140192,33238
1558140193,33238
1558140194,33238
1558140195,33238
1558140196,33238
1558140197,33238
1558140198,33238
1558140199,33238
1558140200,33238
1558140201,33238
1558140202,33238
1558140203,33238
1558140204,33238
1558140205,33238
1558140206,33238
1558140207,33238
1558140208,33238
1558140209,33238
1558140210,33238
1558140211,33238
1558140212,33238
1558140213,33238
1558140214,33238
1558140215,33238
1558140216,33238
1558140217,33238
1558140218,33238
1558140219,33238
1558140220,33238
1558140221,33238
1558140222,33238
1558140223,33238
1558140224,33238
1558140225,33238
1558140226,33238
1558140227,33238
1558140228,33238
1558140229,33238
1558140230,33238
1558140231,33238
1558140232,33238
1558140233,33238
1558140234,33238
1558140235,33238
1558140236,33238
1558140237,33238
1558140238,33238
1558140239,33238
1558140240,33238
1558140241,33238
1558140242,33238
1558140243,33238
1558140244,33238
1558140245,33238
1558140246,33238
1558140247,33238
1558140248,33238
1558140249,33238
1558140250,33238
1558140251,33238
1558140252,33238
1558140253,33238
1558140254,33238
1558140255,33238
1558140256,33238
1558140257,33238
1558140258,33238
1558140259,33238
1558140260,33238
1558140261,33238
1558140262,33238
1558140263,33238
1558140264,33238
1558140265,33238
1558140266,33238
1558140267,33238
1558140268,33238
1558140269,33238
1558140270,33238
1558140271,33238
1558140272,33238
1558140273,33238
1558140274,33238
1558140275,33238
1558140276,33238
1558140277,33238
1558140278,33238
1558140279,33238
1558140280,33238
1558140281,33238
1558140282,33238
1558140283,33238
1558140284,33238
1558140285,33238
1558140286,33238
1558140287,33238
1558140288,33238
1558140289,33238
1558140290,33238
1558140291,33238
1558140292,33238
1558140293,33238
1558140294,33238
1558140295,33238
1558140296,33238
1558140297,33238
1558140298,33238
1558140299,33238
1558140300,33238
1558140301,33238
1558140302,33238
1558140303,33238
1558140304,33238
1558140305,33238
1558140306,33238
1558140307,33238
1558140308,33238
1558140309,33238
1558140310,33238
1558140311,33238
1558140312,33238
1558140313,33238
1558140314,33238
1558140315,33238
1558140316,33238
1558140317,33238
1558140318,33238
1558140319,33238
1558140320,33238
1558140321,33238
1558140322,33238
1558140323,33238
1558140324,33238
1558140325,33238
1558140326,33238
1558140327,33238
1558140328,33238
1558140329,33238
1558140330,33238
1558140331,33238
1558140332,33238
1558140333,33238
1558140334,33238
1558140335,33238
1558140336,33238
1558140337,33238
1558140338,33238
1558140339,33238
1558140340,33238
1558140341,33238
1558140342,33238
1558140343,33238
1558140344,33238
1558140345,33238
1558140346,33238
1558140347,33238
1558140348,33238
1558140349,33238
1558140350,33238
1558140351,33238
1558140352,33238
1558140353,33238
1558140354,33238
1558140355,33238
1558140356,33238
1558140357,33238
1558140358,33238
1558140359,33238
1558140360,33238
1558140361,33238
1558140362,33238
1558140363,33238
1558140364,33238
1558140365,33238
1558140366,33238
1558140367,33238
1558140368,33238
1558140369,33238
1558140370,33238
1558140371,33238
1558140372,33238
1558140373,33238
1558140374,33238
1558140375,33238
1558140376,33238
1558140377,33238
1558140378,33238
1558140379,33238
1558140380,33238
1558140381,33238
1558140382,33238
1558140383,33238
1558140384,33238
1558140385,33238
1558140386,33238
1558140387,33238
1558140388,33238
1558140389,33238
1558140390,33238
1558140391,33238
1558140392,33238
1558140393,33238
1558140394,33238
1558140395,33238
1558140396,33238
1558140397,33238
1558140398,33238
1558140399,33238
1558140400,33238
1558140401,33238
1558140402,33238
1558140403,33238
1558140404,33238
1558140405,33238
1558140406,33238
1558140407,33238
1558140408,33238
1558140409,33238
1558140410,33238
1558140411,33238
1558140412,33238
1558140413,33238
1558140414,33238
1558140415,33238
1558140416,33238
1558140417,33238
1558140418,33238
1558140419,33238
1558140420,33238
1558140421,33238
1558140422,33238
1558140423,33238
1558140424,33238
1558140425,33238
1558140426,33238
1558140427,33238
1558140428,33238
1558140429,33238
1558140430,33238
1558140431,33238
1558140432,33238
1558140433,33238
1558140434,33238
1558140435,33238
1558140436,33238
1558140437,33238
1558140438,33238
1558140439,33238
1558140440,33238
1558140441,33238
1558140442,33238
1558140443,33238
1558140444,33238
1558140445,33238
1558140446,33238
1558140447,33238
1558140448,33238
1558140449,33238
1558140450,33238
1558140451,33238
1558140452,33238
1558140453,33238
1558140454,33238
1558140455,33238
1558140456,33238
1558140457,33238
1558140458,33238
1558140459,33238
1558140460,33238
1558140461,33238
1558140462,33238
1558140463,33238
1558140464,33238
1558140465,33238
1558140466,33238
1558140467,33238
1558140468,33238
1558140469,33238
1558140470,33238
1558140471,33238
1558140472,33238
1558140473,33238
1558140474,33238
1558140475,33238
1558140476,33238
1558140477,33238
1558140478,33238
1558140479,33238
1558140480,33238
1558140481,33238
1558140482,33238
1558140483,33238
1558140484,33238
1558140485,33238
1558140486,33238
1558140487,33238
1558140488,33238
1558140489,33238
1558140490,33238
1558140491,33238
1558140492,33238
1558140493,33238
1558140494,33238
1558140495,33238
1558140496,33238
1558140497,33238
1558140498,33238
1558140499,33238
1558140500,33238
1558140501,33238
1558140502,33238
1558140503,33238
1558140504,33238
1558140505,33238
1558140506,33238
1558140507,33238
1558140508,33238
1558140509,33238
1558140510,33238
1558140511,33238
1558140512,33238
1558140513,33238
1558140514,33238
1558140515,33238
1558140516,33238
1558140517,33238
1558140518,33238
1558140519,33238
1558140520,33238
1558140521,33238
1558140522,33238
1558140523,33238
1558140524,33238
1558140525,33238
1558140526,33238
1558140527,33238
1558140528,33238
1558140529,33238
1558140530,33238
1558140531,33238
1558140532,33238
1558140533,33238
1558140534,33238
1558140535,33238
1558140536,33238
1558140537,33238
1558140538,33238
1558140539,33238
1558140540,33238
1558140541,33238
1558140542,33238
1558140543,33238
1558140544,33238
1558140545,33238
1558140546,33238
1558140547,33238
1558140548,33238
1558140549,33238
1558140550,33238
1558140551,33238
1558140552,33238
1558140553,33238
1558140554,33238
1558140555,33238
1558140556,33238
1558140557,33238
1558140558,33238
1558140559,33238
1558140560,33238
1558140561,33238
1558140562,33238
1558140563,33238
1558140564,33238
1558140565,33238
1558140566,33238
1558140567,33238
1558140568,33238
1558140569,33238
1558140570,33238
1558140571,33238
1558140572,33238
1558140573,33238
1558140574,33238
1558140575,33238
1558140576,33238
1558140577,33238
1558140578,33238
1558140579,33238
1558140580,33238
1558140581,33238
1558140582,33238
1558140583,33238
1558140584,33238
1558140585,33238
1558140586,33238
1558140587,33238
1558140588,33238
1558140589,33238
1558140590,33238
1558140591,33238
1558140592,33238
1558140593,33238
1558140594,33238
1558140595,33238
1558140596,33238
1558140597,33238
1558140598,33238
1558140599,33238
1558140600,33238
1558140601,33238
1558140602,33238
1558140603,33238
1558140604,33238
1558140605,33238
1558140606,33238
1558140607,33238
1558140608,33238
1558140609,33238
1558140610,33238
1558140611,33238
1558140612,33238
1558140613,33238
1558140614,33238
1558140615,33238
1558140616,33238
1558140617,33238
1558140618,33238
1558140619,33238
1558140620,33238
1558140621,33238
1558140622,33238
1558140623,33238
1558140624,33238
1558140625,33238
1558140626,33238
1558140627,33238
1558140628,33238
1558140629,33238
1558140630,33238
1558140631,33238
1558140632,33238
1558140633,33238
1558140634,33238
1558140635,33238
1558140636,33238
1558140637,33238
1558140638,33238
1558140639,33238
1558140640,33238
1558140641,33238
1558140642,33238
1558140643,33238
1558140644,33238
1558140645,33238
1558140646,33238
1558140647,33238
1558140648,33238
1558140649,33238
1558140650,33238
1558140651,33238
1558140652,33238
1558140653,33238
1558140654,33238
1558140655,33238
1558140656,33238
1558140657,33238
1558140658,33238
1558140659,33238
1558140660,33238
1558140661,33238
1558140662,33238
1558140663,33238
1558140664,33238
1558140665,33238
1558140666,33238
1558140667,33239
1558140668,33239
1558140669,33239
1558140670,33239
1558140671,33239
1558140672,33239
1558140673,33239
1558140674,33239
1558140675,33239
1558140676,33239
1558140677,33239
1558140678,33239
1558140679,33239
1558140680,33239
1558140681,33239
1558140682,33239
1558140683,33239
1558140684,33239
1558140685,33239
1558140686,33239
1558140687,33239
1558140688,33239
1558140689,33239
1558140690,33239
1558140691,33239
1558140692,33239
1558140693,33239
1558140694,33239
1558140695,33239
1558140696,33239
1558140697,33239
1558140698,33239
1558140699,33239
1558140700,33239
1558140701,33239
1558140702,33239
1558140703,33239
1558140704,33239
1558140705,33239
1558140706,33239
1558140707,33239
1558140708,33239
1558140709,33239
1558140710,33239
1558140711,33239
1558140712,33239
1558140713,33239
1558140714,33239
1558140715,33239
1558140716,33239
1558140717,33239
1558140718,33239
1558140719,33239
1558140720,33239
1558140721,33239
1558140722,33240
1558140723,33241
1558140724,33241
1558140725,33241
1558140726,33241
1558140727,33241
1558140728,33241
1558140729,33241
1558140730,33241
1558140731,33241
1558140732,33241
1558140733,33241
1558140734,33241
1558140735,33241
1558140736,33241
1558140737,33241
1558140738,33241
1558140739,33241
1558140740,33241
1558140741,33241
1558140742,33241
1558140743,33241
1558140744,33241
1558140745,33241
1558140746,33241
1558140747,33241
1558140748,33241
1558140749,33241
1558140750,33241
1558140751,33241
1558140752,33241
1558140753,33241
1558140754,33241
1558140755,33241
1558140756,33241
1558140757,33241
1558140758,33241
1558140759,33241
1558140760,33241
1558140761,33241
1558140762,33242
1558140763,33243
1558140764,33243
1558140765,33243
1558140766,33244
1558140767,33244
1558140768,33244
1558140769,33244
1558140770,33244
1558140771,33244
1558140772,33244
1558140773,33244
1558140774,33244
1558140775,33244
1558140776,33244
1558140777,33244
1558140778,33244
1558140779,33244
1558140780,33244
1558140781,33244
1558140782,33244
1558140783,33244
1558140784,33244
1558140785,33244
1558140786,33244
1558140787,33244
1558140788,33244
1558140789,33244
1558140790,33244
1558140791,33244
1558140792,33244
1558140793,33244
1558140794,33244
1558140795,33246
1558140796,33246
1558140797,33246
1558140798,33246
1558140799,33246
1558140800,33246
1558140801,33246
1558140802,33246
1558140803,33246
1558140804,33246
1558140805,33246
1558140806,33246
1558140807,33246
1558140808,33246
1558140809,33246
1558140810,33246
1558140811,33246
1558140812,33246
1558140813,33246
1558140814,33246
1558140815,33246
1558140816,33246
1558140817,33246
1558140818,33246
1558140819,33246
1558140820,33246
1558140821,33246
1558140822,33246
1558140823,33246
1558140824,33246
1558140825,33246
1558140826,33246
1558140827,33246
1558140828,33246
1558140829,33247
1558140830,33248
1558140831,33248
1558140832,33248
1558140833,33248
1558140834,33248
1558140835,33248
1558140836,33248
1558140837,33248
1558140838,33248
1558140839,33248
1558140840,33248
1558140841,33248
1558140842,33248
1558140843,33248
1558140844,33248
1558140845,33248
1558140846,33248
1558140847,33248
1558140848,33248
1558140849,33248
1558140850,33248
1558140851,33248
1558140852,33248
1558140853,33248
1558140854,33248
1558140855,33248
1558140856,33248
1558140857,33248
1558140858,33248
1558140859,33248
1558140860,33248
1558140861,33248
1558140862,33248
1558140863,33248
1558140864,33248
1558140865,33248
1558140866,33248
1558140867,33248
1558140868,33248
1558140869,33248
1558140870,33248
1558140871,33248
1558140872,33248
1558140873,33248
1558140874,33248
1558140875,33248
1558140876,33248
1558140877,33248
1558140878,33248
1558140879,33248
1558140880,33248
1558140881,33248
1558140882,33248
1558140883,33248
1558140884,33248
1558140885,33248
1558140886,33248
1558140887,33248
1558140888,33248
1558140889,33248
1558140890,33248
1558140891,33248
1558140892,33248
1558140893,33248
1558140894,33248
1558140895,33248
1558140896,33248
1558140897,33248
1558140898,33248
1558140899,33248
1558140900,33248
1558140901,33248
1558140902,33248
1558140903,33248
1558140904,33248
1558140905,33248
1558140906,33248
1558140907,33248
1558140908,33248
1558140909,33248
1558140910,33248
1558140911,33248
1558140912,33248
1558140913,33248
1558140914,33248
1558140915,33248
1558140916,33248
1558140917,33248
1558140918,33248
1558140919,33248
1558140920,33248
1558140921,33248
1558140922,33248
1558140923,33248
1558140924,33248
1558140925,33248
1558140926,33248
1558140927,33248
1558140928,33248
1558140929,33248
1558140930,33248
1558140931,33248
1558140932,33248
1558140933,33248
1558140934,33248
1558140935,33248
1558140936,33248
1558140937,33248
1558140938,33248
1558140939,33248
1558140940,33248
1558140941,33248
1558140942,33248
1558140943,33248
1558140944,33248
1558140945,33248
1558140946,33248
1558140947,33248
1558140948,33248
1558140949,33248
1558140950,33248
1558140951,33248
1558140952,33248
1558140953,33248
1558140954,33248
1558140955,33248
1558140956,33248
1558140957,33248
1558140958,33248
1558140959,33248
1558140960,33248
1558140961,33248
1558140962,33248
1558140963,33249
1558140964,33249
1558140965,33250
1558140966,33250
1558140967,33250
1558140968,33250
1558140969,33250
1558140970,33250
1558140971,33250
1558140972,33250
1558140973,33250
1558140974,33250
1558140975,33250
1558140976,33250
1558140977,33250
1558140978,33250
1558140979,33250
1558140980,33250
1558140981,33250
1558140982,33250
1558140983,33250
1558140984,33250
1558140985,33250
1558140986,33250
1558140987,33250
1558140988,33250
1558140989,33250
1558140990,33250
1558140991,33250
1558140992,33250
1558140993,33250
1558140994,33250
1558140995,33252
1558140996,33252
1558140997,33252
1558140998,33252
1558140999,33252
1558141000,33252
1558141001,33252
1558141002,33252
1558141003,33252
1558141004,33252
1558141005,33252
1558141006,33252
1558141007,33252
1558141008,33252
1558141009,33252
1558141010,33252
1558141011,33252
1558141012,33252
1558141013,33252
1558141014,33252
1558141015,33252
1558141016,33252
1558141017,33252
1558141018,33252
1558141019,33252
1558141020,33252
1558141021,33252
1558141022,33252
1558141023,33252
1558141024,33252
1558141025,33252
1558141026,33252
1558141027,33252
1558141028,33252
1558141029,33252
1558141030,33252
1558141031,33252
1558141032,33252
1558141033,33252
1558141034,33252
1558141035,33252
1558141036,33252
1558141037,33252
1558141038,33252
1558141039,33252
1558141040,33252
1558141041,33252
1558141042,33252
1558141043,33252
1558141044,33252
1558141045,33252
1558141046,33252
1558141047,33252
1558141048,33252
1558141049,33252
1558141050,33252
1558141051,33252
1558141052,33252
1558141053,33252
1558141054,33252
1558141055,33252
1558141056,33252
1558141057,33252
1558141058,33252
1558141059,33252
1558141060,33252
1558141061,33252
1558141062,33252
1558141063,33254
1558141064,33254
1558141065,33254
1558141066,33254
1558141067,33254
1558141068,33254
1558141069,33254
1558141070,33254
1558141071,33254
1558141072,33254
1558141073,33254
1558141074,33254
1558141075,33254
1558141076,33254
1558141077,33254
1558141078,33254
1558141079,33254
1558141080,33254
1558141081,33254
1558141082,33254
1558141083,33254
1558141084,33254
1558141085,33254
1558141086,33254
1558141087,33254
1558141088,33254
1558141089,33254
1558141090,33254
1558141091,33254
1558141092,33254
1558141093,33254
1558141094,33254
1558141095,33254
1558141096,33254
1558141097,33254
1558141098,33254
1558141099,33255
1558141100,33255
1558141101,33255
1558141102,33255
1558141103,33255
1558141104,33255
1558141105,33255
1558141106,33255
1558141107,33255
1558141108,33255
1558141109,33255
1558141110,33255
1558141111,33255
1558141112,33255
1558141113,33255
1558141114,33255
1558141115,33255
1558141116,33255
1558141117,33255
1558141118,33255
1558141119,33255
1558141120,33255
1558141121,33255
1558141122,33255
1558141123,33255
1558141124,33255
1558141125,33255
1558141126,33255
1558141127,33255
1558141128,33255
1558141129,33255
1558141130,33256
1558141131,33257
1558141132,33257
1558141133,33257
1558141134,33257
1558141135,33257
1558141136,33257
1558141137,33257
1558141138,33257
1558141139,33257
1558141140,33257
1558141141,33257
1558141142,33257
1558141143,33257
1558141144,33257
1558141145,33257
1558141146,33257
1558141147,33257
1558141148,33257
1558141149,33257
1558141150,33257
1558141151,33257
1558141152,33257
1558141153,33257
1558141154,33257
1558141155,33257
1558141156,33257
1558141157,33257
1558141158,33257
1558141159,33257
1558141160,33257
1558141161,33257
1558141162,33257
1558141163,33257
1558141164,33257
1558141165,33257
1558141166,33257
1558141167,33257
1558141168,33257
1558141169,33257
1558141170,33257
1558141171,33257
1558141172,33257
1558141173,33257
1558141174,33257
1558141175,33257
1558141176,33257
1558141177,33257
1558141178,33257
1558141179,33257
1558141180,33257
1558141181,33257
1558141182,33257
1558141183,33257
1558141184,33257
1558141185,33257
1558141186,33257
1558141187,33257
1558141188,33257
1558141189,33257
1558141190,33257
1558141191,33257
1558141192,33257
1558141193,33257
1558141194,33257
1558141195,33257
1558141196,33257
1558141197,33257
1558141198,33257
1558141199,33257
1558141200,33257
1558141201,33257
1558141202,33257
1558141203,33257
1558141204,33257
1558141205,33257
1558141206,33257
1558141207,33257
1558141208,33257
1558141209,33257
1558141210,33257
1558141211,33257
1558141212,33257
1558141213,33257
1558141214,33257
1558141215,33257
1558141216,33257
1558141217,33257
1558141218,33257
1558141219,33257
1558141220,33257
1558141221,33257
1558141222,33257
1558141223,33257
1558141224,33258
1558141225,33258
1558141226,33258
1558141227,33258
1558141228,33258
1558141229,33258
1558141230,33258
1558141231,33260
1558141232,33260
1558141233,33260
1558141234,33260
1558141235,33260
1558141236,33260
1558141237,33260
1558141238,33260
1558141239,33260
1558141240,33260
1558141241,33260
1558141242,33260
1558141243,33260
1558141244,33260
1558141245,33260
1558141246,33260
1558141247,33260
1558141248,33260
1558141249,33260
1558141250,33260
1558141251,33260
1558141252,33260
1558141253,33260
1558141254,33260
1558141255,33260
1558141256,33260
1558141257,33260
1558141258,33260
1558141259,33260
1558141260,33260
1558141261,33260
1558141262,33260
1558141263,33260
1558141264,33261
1558141265,33261
1558141266,33261
1558141267,33261
1558141268,33261
1558141269,33261
1558141270,33261
1558141271,33261
1558141272,33261
1558141273,33261
1558141274,33261
1558141275,33261
1558141276,33261
1558141277,33261
1558141278,33261
1558141279,33261
1558141280,33261
1558141281,33261
1558141282,33261
1558141283,33261
1558141284,33261
1558141285,33261
1558141286,33261
1558141287,33261
1558141288,33261
1558141289,33261
1558141290,33261
1558141291,33261
1558141292,33261
1558141293,33261
1558141294,33261
1558141295,33261
1558141296,33262
1558141297,33263
1558141298,33263
1558141299,33263
1558141300,33263
1558141301,33263
1558141302,33263
1558141303,33263
1558141304,33263
1558141305,33263
1558141306,33263
1558141307,33263
1558141308,33263
1558141309,33263
1558141310,33263
1558141311,33263
1558141312,33263
1558141313,33263
1558141314,33263
1558141315,33263
1558141316,33263
1558141317,33263
1558141318,33263
1558141319,33263
1558141320,33263
1558141321,33263
1558141322,33263
1558141323,33263
1558141324,33263
1558141325,33263
1558141326,33263
1558141327,33263
1558141328,33263
1558141329,33263
1558141330,33264
1558141331,33265
1558141332,33265
1558141333,33265
1558141334,33265
1558141335,33265
1558141336,33265
1558141337,33265
1558141338,33265
1558141339,33265
1558141340,33265
1558141341,33265
1558141342,33265
1558141343,33265
1558141344,33265
1558141345,33265
1558141346,33265
1558141347,33265
1558141348,33265
1558141349,33265
1558141350,33265
1558141351,33265
1558141352,33265
1558141353,33265
1558141354,33265
1558141355,33265
1558141356,33265
1558141357,33265
1558141358,33265
1558141359,33265
1558141360,33265
1558141361,33265
1558141362,33265
1558141363,33265
1558141364,33266
1558141365,33267
1558141366,33267
1558141367,33267
1558141368,33267
1558141369,33267
1558141370,33267
1558141371,33267
1558141372,33267
1558141373,33267
1558141374,33267
1558141375,33267
1558141376,33267
1558141377,33267
1558141378,33267
1558141379,33267
1558141380,33267
1558141381,33267
1558141382,33267
1558141383,33267
1558141384,33267
1558141385,33267
1558141386,33267
1558141387,33267
1558141388,33267
1558141389,33267
1558141390,33267
1558141391,33267
1558141392,33267
1558141393,33267
1558141394,33267
1558141395,33267
1558141396,33267
1558141397,33269
1558141398,33269
1558141399,33269
1558141400,33269
1558141401,33269
1558141402,33269
1558141403,33269
1558141404,33269
1558141405,33269
1558141406,33269
1558141407,33269
1558141408,33269
1558141409,33269
1558141410,33269
1558141411,33269
1558141412,33269
1558141413,33269
1558141414,33269
1558141415,33269
1558141416,33269
1558141417,33269
1558141418,33269
1558141419,33269
1558141420,33269
1558141421,33269
1558141422,33269
1558141423,33269
1558141424,33269
1558141425,33269
1558141426,33269
1558141427,33269
1558141428,33269
1558141429,33269
1558141430,33269
1558141431,33269
1558141432,33269
1558141433,33269
1558141434,33269
1558141435,33269
1558141436,33269
1558141437,33269
1558141438,33269
1558141439,33269
1558141440,33269
1558141441,33269
1558141442,33269
1558141443,33269
1558141444,33269
1558141445,33269
1558141446,33269
1558141447,33269
1558141448,33269
1558141449,33269
1558141450,33269
1558141451,33269
1558141452,33269
1558141453,33269
1558141454,33269
1558141455,33269
1558141456,33269
1558141457,33269
1558141458,33269
1558141459,33269
1558141460,33269
1558141461,33269
1558141462,33269
1558141463,33269
1558141464,33270
1558141465,33271
1558141466,33271
1558141467,33271
1558141468,33271
1558141469,33271
1558141470,33271
1558141471,33271
1558141472,33271
1558141473,33271
1558141474,33271
1558141475,33271
1558141476,33271
1558141477,33271
1558141478,33271
1558141479,33271
1558141480,33271
1558141481,33271
1558141482,33271
1558141483,33271
1558141484,33271
1558141485,33271
1558141486,33271
1558141487,33271
1558141488,33271
1558141489,33271
1558141490,33271
1558141491,33271
1558141492,33271
1558141493,33271
1558141494,33271
1558141495,33271
1558141496,33271
1558141497,33271
1558141498,33273
1558141499,33273
1558141500,33273
1558141501,33273
1558141502,33273
1558141503,33273
1558141504,33273
1558141505,33273
1558141506,33273
1558141507,33273
1558141508,33273
1558141509,33273
1558141510,33273
1558141511,33273
1558141512,33273
1558141513,33273
1558141514,33273
1558141515,33273
1558141516,33273
1558141517,33273
1558141518,33273
1558141519,33273
1558141520,33273
1558141521,33273
1558141522,33273
1558141523,33273
1558141524,33273
1558141525,33273
1558141526,33273
1558141527,33273
1558141528,33273
1558141529,33273
1558141530,33273
1558141531,33273
1558141532,33275
1558141533,33275
1558141534,33276
1558141535,33276
1558141536,33276
1558141537,33276
1558141538,33276
1558141539,33276
1558141540,33276
1558141541,33276
1558141542,33276
1558141543,33276
1558141544,33276
1558141545,33276
1558141546,33276
1558141547,33276
1558141548,33276
1558141549,33276
1558141550,33276
1558141551,33276
1558141552,33276
1558141553,33276
1558141554,33276
1558141555,33276
1558141556,33276
1558141557,33276
1558141558,33276
1558141559,33276
1558141560,33276
1558141561,33276
1558141562,33276
1558141563,33276
1558141564,33276
1558141565,33276
1558141566,33277
1558141567,33278
1558141568,33278
1558141569,33278
1558141570,33278
1558141571,33278
1558141572,33278
1558141573,33278
1558141574,33278
1558141575,33278
1558141576,33278
1558141577,33278
1558141578,33278
1558141579,33278
1558141580,33278
1558141581,33278
1558141582,33278
1558141583,33278
1558141584,33278
1558141585,33278
1558141586,33278
1558141587,33278
1558141588,33278
1558141589,33278
1558141590,33278
1558141591,33278
1558141592,33278
1558141593,33278
1558141594,33278
1558141595,33278
1558141596,33278
1558141597,33278
1558141598,33278
1558141599,33278
1558141600,33279
1558141601,33280
1558141602,33280
1558141603,33280
1558141604,33281
1558141605,33282
1558141606,33282
1558141607,33282
1558141608,33282
1558141609,33282
1558141610,33282
1558141611,33282
1558141612,33282
1558141613,33282
1558141614,33282
1558141615,33282
1558141616,33282
1558141617,33282
1558141618,33282
1558141619,33282
1558141620,33282
1558141621,33282
1558141622,33282
1558141623,33282
1558141624,33282
1558141625,33282
1558141626,33282
1558141627,33282
1558141628,33282
1558141629,33282
1558141630,33282
1558141631,33282
1558141632,33282
1558141633,33282
1558141634,33283
1558141635,33284
1558141636,33284
1558141637,33284
1558141638,33284
1558141639,33284
1558141640,33284
1558141641,33284
1558141642,33284
1558141643,33284
1558141644,33284
1558141645,33284
1558141646,33284
1558141647,33284
1558141648,33284
1558141649,33284
1558141650,33284
1558141651,33284
1558141652,33284
1558141653,33284
1558141654,33284
1558141655,33284
1558141656,33284
1558141657,33284
1558141658,33284
1558141659,33284
1558141660,33284
1558141661,33284
1558141662,33284
1558141663,33284
1558141664,33284
1558141665,33284
1558141666,33284
1558141667,33284
1558141668,33285
1558141669,33286
1558141670,33287
1558141671,33287
1558141672,33287
1558141673,33287
1558141674,33287
1558141675,33287
1558141676,33287
1558141677,33287
1558141678,33287
1558141679,33287
1558141680,33287
1558141681,33287
1558141682,33287
1558141683,33287
1558141684,33287
1558141685,33287
1558141686,33287
1558141687,33287
1558141688,33287
1558141689,33287
1558141690,33287
1558141691,33287
1558141692,33287
1558141693,33287
1558141694,33287
1558141695,33287
1558141696,33287
1558141697,33287
1558141698,33287
1558141699,33287
1558141700,33287
1558141701,33287
1558141702,33287
1558141703,33287
1558141704,33289
1558141705,33289
1558141706,33289
1558141707,33289
1558141708,33289
1558141709,33289
1558141710,33289
1558141711,33289
1558141712,33289
1558141713,33289
1558141714,33289
1558141715,33289
1558141716,33289
1558141717,33289
1558141718,33289
1558141719,33289
1558141720,33289
1558141721,33289
1558141722,33289
1558141723,33289
1558141724,33289
1558141725,33289
1558141726,33289
1558141727,33289
1558141728,33289
1558141729,33289
1558141730,33289
1558141731,33289
1558141732,33289
1558141733,33289
1558141734,33289
1558141735,33289
1558141736,33289
1558141737,33289
1558141738,33290
1558141739,33291
1558141740,33291
1558141741,33291
1558141742,33291
1558141743,33291
1558141744,33291
1558141745,33291
1558141746,33291
1558141747,33291
1558141748,33291
1558141749,33291
1558141750,33291
1558141751,33291
1558141752,33291
1558141753,33291
1558141754,33291
1558141755,33291
1558141756,33291
1558141757,33291
1558141758,33291
1558141759,33291
1558141760,33291
1558141761,33291
1558141762,33291
1558141763,33291
1558141764,33291
1558141765,33291
1558141766,33291
1558141767,33291
1558141768,33291
1558141769,33291
1558141770,33291
1558141771,33291
1558141772,33292
1558141773,33293
1558141774,33293
1558141775,33293
1558141776,33293
1558141777,33293
1558141778,33293
1558141779,33293
1558141780,33293
1558141781,33293
1558141782,33293
1558141783,33293
1558141784,33293
1558141785,33293
1558141786,33293
1558141787,33293
1558141788,33293
1558141789,33293
1558141790,33293
1558141791,33293
1558141792,33293
1558141793,33293
1558141794,33293
1558141795,33293
1558141796,33293
1558141797,33293
1558141798,33293
1558141799,33293
1558141800,33293
1558141801,33293
1558141802,33293
1558141803,33293
1558141804,33293
1558141805,33293
1558141806,33293
1558141807,33293
1558141808,33295
1558141809,33295
1558141810,33295
1558141811,33295
1558141812,33295
1558141813,33295
1558141814,33295
1558141815,33295
1558141816,33295
1558141817,33295
1558141818,33295
1558141819,33295
1558141820,33295
1558141821,33295
1558141822,33295
1558141823,33295
1558141824,33295
1558141825,33295
1558141826,33295
1558141827,33295
1558141828,33295
1558141829,33295
1558141830,33295
1558141831,33295
1558141832,33295
1558141833,33295
1558141834,33295
1558141835,33295
1558141836,33295
1558141837,33295
1558141838,33295
1558141839,33295
1558141840,33295
1558141841,33295
1558141842,33296
1558141843,33297
1558141844,33297
1558141845,33297
1558141846,33297
1558141847,33297
1558141848,33297
1558141849,33297
1558141850,33297
1558141851,33297
1558141852,33297
1558141853,33297
1558141854,33297
1558141855,33297
1558141856,33297
1558141857,33297
1558141858,33297
1558141859,33297
1558141860,33297
1558141861,33297
1558141862,33297
1558141863,33297
1558141864,33297
1558141865,33297
1558141866,33297
1558141867,33297
1558141868,33297
1558141869,33297
1558141870,33297
1558141871,33297
1558141872,33297
1558141873,33297
1558141874,33297
1558141875,33297
1558141876,33297
1558141877,33297
1558141878,33298
1558141879,33299
1558141880,33299
1558141881,33299
1558141882,33299
1558141883,33299
1558141884,33299
1558141885,33299
1558141886,33299
1558141887,33299
1558141888,33299
1558141889,33299
1558141890,33299
1558141891,33299
1558141892,33299
1558141893,33299
1558141894,33299
1558141895,33299
1558141896,33299
1558141897,33299
1558141898,33299
1558141899,33299
1558141900,33299
1558141901,33299
1558141902,33299
1558141903,33299
1558141904,33299
1558141905,33299
1558141906,33299
1558141907,33299
1558141908,33299
1558141909,33299
1558141910,33299
1558141911,33299
1558141912,33299
1558141913,33300
1558141914,33301
1558141915,33301
1558141916,33301
1558141917,33301
1558141918,33301
1558141919,33301
1558141920,33301
1558141921,33301
1558141922,33301
1558141923,33301
1558141924,33301
1558141925,33301
1558141926,33301
1558141927,33301
1558141928,33301
1558141929,33301
1558141930,33301
1558141931,33301
1558141932,33301
1558141933,33301
1558141934,33301
1558141935,33301
1558141936,33301
1558141937,33301
1558141938,33301
1558141939,33301
1558141940,33301
1558141941,33301
1558141942,33301
1558141943,33301
1558141944,33301
1558141945,33301
1558141946,33301
1558141947,33301
1558141948,33302
1558141949,33303
1558141950,33303
1558141951,33303
1558141952,33303
1558141953,33303
1558141954,33303
1558141955,33303
1558141956,33303
1558141957,33303
1558141958,33303
1558141959,33303
1558141960,33303
1558141961,33303
1558141962,33303
1558141963,33303
1558141964,33303
1558141965,33303
1558141966,33303
1558141967,33303
1558141968,33303
1558141969,33303
1558141970,33303
1558141971,33303
1558141972,33303
1558141973,33303
1558141974,33303
1558141975,33303
1558141976,33303
1558141977,33303
1558141978,33303
1558141979,33303
1558141980,33303
1558141981,33303
1558141982,33303
1558141983,33305
1558141984,33305
1558141985,33305
1558141986,33305
1558141987,33305
1558141988,33305
1558141989,33305
1558141990,33305
1558141991,33305
1558141992,33305
1558141993,33305
1558141994,33305
1558141995,33305
1558141996,33305
1558141997,33305
1558141998,33305
1558141999,33305
1558142000,33305
1558142001,33305
1558142002,33305
1558142003,33305
1558142004,33305
1558142005,33305
1558142006,33305
1558142007,33305
1558142008,33305
1558142009,33305
1558142010,33305
1558142011,33305
1558142012,33305
1558142013,33305
1558142014,33305
1558142015,33305
1558142016,33305
1558142017,33305
1558142018,33307
1558142019,33307
1558142020,33307
1558142021,33307
1558142022,33307
1558142023,33307
1558142024,33307
1558142025,33307
1558142026,33307
1558142027,33307
1558142028,33307
1558142029,33307
1558142030,33307
1558142031,33307
1558142032,33307
1558142033,33307
1558142034,33307
1558142035,33307
1558142036,33307
1558142037,33307
1558142038,33307
1558142039,33307
1558142040,33307
1558142041,33307
1558142042,33307
1558142043,33307
1558142044,33307
1558142045,33307
1558142046,33307
1558142047,33307
1558142048,33307
1558142049,33307
1558142050,33307
1558142051,33307
1558142052,33308
1558142053,33309
1558142054,33309
1558142055,33309
1558142056,33309
1558142057,33309
1558142058,33309
1558142059,33309
1558142060,33309
1558142061,33309
1558142062,33309
1558142063,33309
1558142064,33309
1558142065,33309
1558142066,33309
1558142067,33309
1558142068,33309
1558142069,33309
1558142070,33309
1558142071,33309
1558142072,33309
1558142073,33309
1558142074,33309
1558142075,33309
1558142076,33309
1558142077,33309
1558142078,33309
1558142079,33309
1558142080,33309
1558142081,33309
1558142082,33309
1558142083,33309
1558142084,33309
1558142085,33310
1558142086,33311
1558142087,33311
1558142088,33312
1558142089,33312
1558142090,33312
1558142091,33312
1558142092,33312
1558142093,33312
1558142094,33312
1558142095,33312
1558142096,33312
1558142097,33312
1558142098,33312
1558142099,33312
1558142100,33312
1558142101,33312
1558142102,33312
1558142103,33312
1558142104,33312
1558142105,33312
1558142106,33312
1558142107,33312
1558142108,33312
1558142109,33312
1558142110,33312
1558142111,33312
1558142112,33312
1558142113,33312
1558142114,33312
1558142115,33312
1558142116,33312
1558142117,33313
1558142118,33314
1558142119,33314
1558142120,33314
1558142121,33314
1558142122,33314
1558142123,33314
1558142124,33314
1558142125,33314
1558142126,33314
1558142127,33314
1558142128,33314
1558142129,33314
1558142130,33314
1558142131,33314
1558142132,33314
1558142133,33314
1558142134,33314
1558142135,33314
1558142136,33314
1558142137,33314
1558142138,33314
1558142139,33314
1558142140,33314
1558142141,33314
1558142142,33314
1558142143,33314
1558142144,33314
1558142145,33314
1558142146,33314
1558142147,33314
1558142148,33314
1558142149,33314
1558142150,33315
1558142151,33315
1558142152,33315
1558142153,33315
1558142154,33315
1558142155,33315
1558142156,33315
1558142157,33315
1558142158,33315
1558142159,33315
1558142160,33315
1558142161,33315
1558142162,33315
1558142163,33315
1558142164,33315
1558142165,33315
1558142166,33315
1558142167,33315
1558142168,33315
1558142169,33315
1558142170,33315
1558142171,33315
1558142172,33315
1558142173,33315
1558142174,33315
1558142175,33315
1558142176,33315
1558142177,33315
1558142178,33315
1558142179,33315
1558142180,33315
1558142181,33315
1558142182,33315
1558142183,33317
1558142184,33317
1558142185,33317
1558142186,33317
1558142187,33317
1558142188,33317
1558142189,33317
1558142190,33317
1558142191,33317
1558142192,33317
1558142193,33317
1558142194,33317
1558142195,33317
1558142196,33317
1558142197,33317
1558142198,33317
1558142199,33317
1558142200,33317
1558142201,33317
1558142202,33317
1558142203,33317
1558142204,33317
1558142205,33317
1558142206,33317
1558142207,33317
1558142208,33317
1558142209,33317
1558142210,33317
1558142211,33317
1558142212,33317
1558142213,33317
1558142214,33317
1558142215,33317
1558142216,33319
1558142217,33319
1558142218,33319
1558142219,33319
1558142220,33319
1558142221,33319
1558142222,33320
1558142223,33322
1558142224,33322
1558142225,33322
1558142226,33322
1558142227,33322
1558142228,33322
1558142229,33322
1558142230,33322
1558142231,33322
1558142232,33322
1558142233,33322
1558142234,33322
1558142235,33322
1558142236,33322
1558142237,33322
1558142238,33322
1558142239,33322
1558142240,33322
1558142241,33322
1558142242,33322
1558142243,33322
1558142244,33322
1558142245,33322
1558142246,33322
1558142247,33322
1558142248,33322
1558142249,33323
1558142250,33324
1558142251,33324
1558142252,33324
1558142253,33324
1558142254,33324
1558142255,33324
1558142256,33324
1558142257,33324
1558142258,33324
1558142259,33324
1558142260,33324
1558142261,33324
1558142262,33324
1558142263,33324
1558142264,33324
1558142265,33324
1558142266,33324
1558142267,33324
1558142268,33324
1558142269,33324
1558142270,33324
1558142271,33324
1558142272,33324
1558142273,33324
1558142274,33324
1558142275,33324
1558142276,33324
1558142277,33324
1558142278,33324
1558142279,33324
1558142280,33324
1558142281,33324
1558142282,33324
1558142283,33326
1558142284,33326
1558142285,33326
1558142286,33326
1558142287,33326
1558142288,33326
1558142289,33326
1558142290,33326
1558142291,33326
1558142292,33326
1558142293,33326
1558142294,33326
1558142295,33326
1558142296,33326
1558142297,33326
1558142298,33326
1558142299,33326
1558142300,33326
1558142301,33326
1558142302,33326
1558142303,33326
1558142304,33326
1558142305,33326
1558142306,33326
1558142307,33326
1558142308,33326
1558142309,33326
1558142310,33326
1558142311,33326
1558142312,33326
1558142313,33326
1558142314,33326
1558142315,33326
1558142316,33327
1558142317,33328
1558142318,33328
1558142319,33328
1558142320,33328
1558142321,33328
1558142322,33328
1558142323,33328
1558142324,33328
1558142325,33328
1558142326,33328
1558142327,33328
1558142328,33328
1558142329,33328
1558142330,33328
1558142331,33328
1558142332,33328
1558142333,33328
1558142334,33328
1558142335,33328
1558142336,33328
1558142337,33328
1558142338,33328
1558142339,33328
1558142340,33328
1558142341,33328
1558142342,33328
1558142343,33328
1558142344,33328
1558142345,33328
1558142346,33328
1558142347,33328
1558142348,33328
1558142349,33328
1558142350,33328
1558142351,33330
1558142352,33330
1558142353,33330
1558142354,33330
1558142355,33330
1558142356,33330
1558142357,33330
1558142358,33330
1558142359,33330
1558142360,33330
1558142361,33330
1558142362,33330
1558142363,33330
1558142364,33330
1558142365,33330
1558142366,33330
1558142367,33330
1558142368,33330
1558142369,33330
1558142370,33330
1558142371,33330
1558142372,33330
1558142373,33330
1558142374,33330
1558142375,33330
1558142376,33330
1558142377,33330
1558142378,33330
1558142379,33330
1558142380,33330
1558142381,33330
1558142382,33330
1558142383,33330
1558142384,33332
1558142385,33332
1558142386,33332
1558142387,33332
1558142388,33332
1558142389,33332
1558142390,33332
1558142391,33332
1558142392,33332
1558142393,33332
1558142394,33332
1558142395,33332
1558142396,33332
1558142397,33332
1558142398,33332
1558142399,33332
1558142400,33332
1558142401,33332
1558142402,33332
1558142403,33332
1558142404,33332
1558142405,33332
1558142406,33332
1558142407,33332
1558142408,33332
1558142409,33332
1558142410,33332
1558142411,33332
1558142412,33332
1558142413,33332
1558142414,33332
1558142415,33332
1558142416,33332
1558142417,33332
1558142418,33334
1558142419,33334
1558142420,33334
1558142421,33334
1558142422,33334
1558142423,33334
1558142424,33334
1558142425,33334
1558142426,33334
1558142427,33334
1558142428,33334
1558142429,33334
1558142430,33334
1558142431,33334
1558142432,33334
1558142433,33334
1558142434,33334
1558142435,33334
1558142436,33334
1558142437,33334
1558142438,33334
1558142439,33334
1558142440,33334
1558142441,33334
1558142442,33334
1558142443,33334
1558142444,33334
1558142445,33334
1558142446,33334
1558142447,33334
1558142448,33334
1558142449,33334
1558142450,33334
1558142451,33334
1558142452,33336
1558142453,33336
1558142454,33336
1558142455,33336
1558142456,33336
1558142457,33336
1558142458,33336
1558142459,33336
1558142460,33336
1558142461,33336
1558142462,33336
1558142463,33336
1558142464,33336
1558142465,33336
1558142466,33336
1558142467,33336
1558142468,33336
1558142469,33336
1558142470,33336
1558142471,33336
1558142472,33336
1558142473,33336
1558142474,33336
1558142475,33336
1558142476,33336
1558142477,33336
1558142478,33336
1558142479,33336
1558142480,33336
1558142481,33336
1558142482,33337
1558142483,33337
1558142484,33337
1558142485,33337
1558142486,33339
1558142487,33339
1558142488,33339
1558142489,33339
1558142490,33339
1558142491,33339
1558142492,33339
1558142493,33339
1558142494,33339
1558142495,33339
1558142496,33339
1558142497,33339
1558142498,33339
1558142499,33339
1558142500,33339
1558142501,33339
1558142502,33339
1558142503,33339
1558142504,33339
1558142505,33339
1558142506,33339
1558142507,33339
1558142508,33339
1558142509,33339
1558142510,33339
1558142511,33339
1558142512,33339
1558142513,33339
1558142514,33339
1558142515,33339
1558142516,33339
1558142517,33339
1558142518,33339
1558142519,33339
1558142520,33341
1558142521,33341
1558142522,33341
1558142523,33341
1558142524,33341
1558142525,33341
1558142526,33341
1558142527,33341
1558142528,33341
1558142529,33341
1558142530,33341
1558142531,33341
1558142532,33341
1558142533,33341
1558142534,33341
1558142535,33341
1558142536,33341
1558142537,33341
1558142538,33341
1558142539,33341
1558142540,33341
1558142541,33341
1558142542,33341
1558142543,33341
1558142544,33341
1558142545,33341
1558142546,33341
1558142547,33341
1558142548,33341
1558142549,33341
1558142550,33341
1558142551,33341
1558142552,33341
1558142553,33341
1558142554,33342
1558142555,33343
1558142556,33343
1558142557,33343
1558142558,33343
1558142559,33343
1558142560,33343
1558142561,33343
1558142562,33343
1558142563,33343
1558142564,33343
1558142565,33343
1558142566,33343
1558142567,33343
1558142568,33343
1558142569,33343
1558142570,33343
1558142571,33343
1558142572,33343
1558142573,33343
1558142574,33343
1558142575,33343
1558142576,33343
1558142577,33343
1558142578,33343
1558142579,33343
1558142580,33343
1558142581,33343
1558142582,33343
1558142583,33343
1558142584,33343
1558142585,33343
1558142586,33343
1558142587,33343
1558142588,33343
1558142589,33343
1558142590,33345
1558142591,33345
1558142592,33345
1558142593,33345
1558142594,33345
1558142595,33345
1558142596,33345
1558142597,33345
1558142598,33345
1558142599,33345
1558142600,33345
1558142601,33345
1558142602,33345
1558142603,33345
1558142604,33345
1558142605,33345
1558142606,33345
1558142607,33345
1558142608,33345
1558142609,33345
1558142610,33345
1558142611,33345
1558142612,33345
1558142613,33345
1558142614,33345
1558142615,33345
1558142616,33345
1558142617,33345
1558142618,33345
1558142619,33345
1558142620,33345
1558142621,33345
1558142622,33345
1558142623,33345
1558142624,33345
1558142625,33346
1558142626,33347
1558142627,33347
1558142628,33347
1558142629,33347
1558142630,33347
1558142631,33347
1558142632,33347
1558142633,33347
1558142634,33347
1558142635,33347
1558142636,33347
1558142637,33347
1558142638,33347
1558142639,33347
1558142640,33347
1558142641,33347
1558142642,33347
1558142643,33347
1558142644,33347
1558142645,33347
1558142646,33347
1558142647,33347
1558142648,33347
1558142649,33347
1558142650,33347
1558142651,33347
1558142652,33347
1558142653,33347
1558142654,33347
1558142655,33347
1558142656,33347
1558142657,33347
1558142658,33347
1558142659,33347
1558142660,33347
1558142661,33349
1558142662,33349
1558142663,33349
1558142664,33349
1558142665,33349
1558142666,33349
1558142667,33349
1558142668,33349
1558142669,33349
1558142670,33349
1558142671,33349
1558142672,33349
1558142673,33349
1558142674,33349
1558142675,33349
1558142676,33349
1558142677,33349
1558142678,33349
1558142679,33349
1558142680,33349
1558142681,33349
1558142682,33349
1558142683,33349
1558142684,33349
1558142685,33349
1558142686,33349
1558142687,33349
1558142688,33349
1558142689,33349
1558142690,33349
1558142691,33349
1558142692,33349
1558142693,33349
1558142694,33349
1558142695,33349
1558142696,33349
1558142697,33349
1558142698,33351
1558142699,33351
1558142700,33351
1558142701,33351
1558142702,33351
1558142703,33351
1558142704,33351
1558142705,33351
1558142706,33351
1558142707,33351
1558142708,33351
1558142709,33351
1558142710,33351
1558142711,33351
1558142712,33351
1558142713,33351
1558142714,33351
1558142715,33351
1558142716,33351
1558142717,33351
1558142718,33351
1558142719,33351
1558142720,33351
1558142721,33351
1558142722,33351
1558142723,33351
1558142724,33351
1558142725,33351
1558142726,33351
1558142727,33351
1558142728,33351
1558142729,33351
1558142730,33351
1558142731,33351
1558142732,33351
1558142733,33353
1558142734,33353
1558142735,33353
1558142736,33353
1558142737,33353
1558142738,33353
1558142739,33353
1558142740,33353
1558142741,33353
1558142742,33353
1558142743,33353
1558142744,33353
1558142745,33353
1558142746,33353
1558142747,33353
1558142748,33353
1558142749,33353
1558142750,33353
1558142751,33353
1558142752,33353
1558142753,33353
1558142754,33353
1558142755,33353
1558142756,33353
1558142757,33353
1558142758,33353
1558142759,33353
1558142760,33353
1558142761,33353
1558142762,33353
1558142763,33353
1558142764,33353
1558142765,33353
1558142766,33353
1558142767,33354
1558142768,33355
1558142769,33355
1558142770,33355
1558142771,33355
1558142772,33355
1558142773,33355
1558142774,33355
1558142775,33355
1558142776,33355
1558142777,33355
1558142778,33355
1558142779,33355
1558142780,33355
1558142781,33355
1558142782,33355
1558142783,33355
1558142784,33355
1558142785,33355
1558142786,33355
1558142787,33355
1558142788,33355
1558142789,33355
1558142790,33355
1558142791,33355
1558142792,33355
1558142793,33355
1558142794,33355
1558142795,33355
1558142796,33355
1558142797,33355
1558142798,33355
1558142799,33355
1558142800,33355
1558142801,33357
1558142802,33357
1558142803,33357
1558142804,33357
1558142805,33357
1558142806,33357
1558142807,33357
1558142808,33357
1558142809,33357
1558142810,33357
1558142811,33357
1558142812,33357
1558142813,33357
1558142814,33357
1558142815,33357
1558142816,33357
1558142817,33357
1558142818,33357
1558142819,33357
1558142820,33357
1558142821,33357
1558142822,33357
1558142823,33357
1558142824,33357
1558142825,33357
1558142826,33357
1558142827,33357
1558142828,33357
1558142829,33357
1558142830,33357
1558142831,33357
1558142832,33357
1558142833,33357
1558142834,33357
1558142835,33358
1558142836,33359
1558142837,33359
1558142838,33359
1558142839,33359
1558142840,33359
1558142841,33359
1558142842,33359
1558142843,33359
1558142844,33359
1558142845,33359
1558142846,33359
1558142847,33359
1558142848,33359
1558142849,33359
1558142850,33359
1558142851,33359
1558142852,33359
1558142853,33359
1558142854,33359
1558142855,33359
1558142856,33359
1558142857,33359
1558142858,33359
1558142859,33359
1558142860,33359
1558142861,33359
1558142862,33359
1558142863,33359
1558142864,33359
1558142865,33359
1558142866,33359
1558142867,33359
1558142868,33359
1558142869,33359
1558142870,33361
1558142871,33361
1558142872,33361
1558142873,33361
1558142874,33361
1558142875,33361
1558142876,33361
1558142877,33361
1558142878,33361
1558142879,33361
1558142880,33361
1558142881,33361
1558142882,33361
1558142883,33361
1558142884,33361
1558142885,33361
1558142886,33361
1558142887,33361
1558142888,33361
1558142889,33361
1558142890,33361
1558142891,33361
1558142892,33361
1558142893,33361
1558142894,33361
1558142895,33361
1558142896,33361
1558142897,33361
1558142898,33361
1558142899,33361
1558142900,33361
1558142901,33361
1558142902,33361
1558142903,33362
1558142904,33363
1558142905,33363
1558142906,33363
1558142907,33363
1558142908,33363
1558142909,33363
1558142910,33363
1558142911,33363
1558142912,33363
1558142913,33363
1558142914,33363
1558142915,33363
1558142916,33363
1558142917,33363
1558142918,33363
1558142919,33363
1558142920,33363
1558142921,33363
1558142922,33363
1558142923,33363
1558142924,33363
1558142925,33363
1558142926,33363
1558142927,33363
1558142928,33363
1558142929,33363
1558142930,33363
1558142931,33363
1558142932,33363
1558142933,33363
1558142934,33363
1558142935,33363
1558142936,33363
1558142937,33365
1558142938,33365
1558142939,33365
1558142940,33365
1558142941,33365
1558142942,33365
1558142943,33365
1558142944,33365
1558142945,33365
1558142946,33365
1558142947,33365
1558142948,33365
1558142949,33365
1558142950,33365
1558142951,33365
1558142952,33365
1558142953,33365
1558142954,33365
1558142955,33365
1558142956,33365
1558142957,33365
1558142958,33365
1558142959,33365
1558142960,33365
1558142961,33365
1558142962,33365
1558142963,33365
1558142964,33365
1558142965,33365
1558142966,33365
1558142967,33365
1558142968,33365
1558142969,33365
1558142970,33366
1558142971,33367
1558142972,33367
1558142973,33367
1558142974,33367
1558142975,33367
1558142976,33367
1558142977,33367
1558142978,33367
1558142979,33367
1558142980,33367
1558142981,33367
1558142982,33367
1558142983,33367
1558142984,33367
1558142985,33367
1558142986,33367
1558142987,33367
1558142988,33367
1558142989,33367
1558142990,33367
1558142991,33367
1558142992,33367
1558142993,33367
1558142994,33367
1558142995,33367
1558142996,33367
1558142997,33367
1558142998,33367
1558142999,33367
1558143000,33367
1558143001,33367
1558143002,33367
1558143003,33369
1558143004,33369
1558143005,33369
1558143006,33369
1558143007,33369
1558143008,33369
1558143009,33369
1558143010,33369
1558143011,33369
1558143012,33369
1558143013,33369
1558143014,33369
1558143015,33369
1558143016,33369
1558143017,33369
1558143018,33369
1558143019,33369
1558143020,33369
1558143021,33369
1558143022,33369
1558143023,33369
1558143024,33369
1558143025,33369
1558143026,33369
1558143027,33369
1558143028,33369
1558143029,33369
1558143030,33369
1558143031,33369
1558143032,33369
1558143033,33369
1558143034,33369
1558143035,33370
1558143036,33370
1558143037,33370
1558143038,33370
1558143039,33370
1558143040,33370
1558143041,33370
1558143042,33370
1558143043,33370
1558143044,33370
1558143045,33370
1558143046,33370
1558143047,33370
1558143048,33370
1558143049,33370
1558143050,33370
1558143051,33370
1558143052,33370
1558143053,33370
1558143054,33370
1558143055,33370
1558143056,33370
1558143057,33370
1558143058,33370
1558143059,33370
1558143060,33370
1558143061,33370
1558143062,33370
1558143063,33370
1558143064,33370
1558143065,33370
1558143066,33370
1558143067,33370
1558143068,33370
1558143069,33370
1558143070,33370
1558143071,33370
1558143072,33370
1558143073,33370
1558143074,33370
1558143075,33370
1558143076,33370
1558143077,33370
1558143078,33370
1558143079,33370
1558143080,33370
1558143081,33370
1558143082,33370
1558143083,33370
1558143084,33370
1558143085,33370
1558143086,33370
1558143087,33370
1558143088,33370
1558143089,33370
1558143090,33370
1558143091,33370
1558143092,33370
1558143093,33370
1558143094,33370
1558143095,33370
1558143096,33370
1558143097,33370
1558143098,33370
1558143099,33370
1558143100,33370
1558143101,33370
1558143102,33370
1558143103,33370
1558143104,33370
1558143105,33370
1558143106,33370
1558143107,33370
1558143108,33370
1558143109,33370
1558143110,33370
1558143111,33370
1558143112,33370
1558143113,33370
1558143114,33370
1558143115,33370
1558143116,33370
1558143117,33370
1558143118,33370
1558143119,33370
1558143120,33370
1558143121,33370
1558143122,33370
1558143123,33370
1558143124,33370
1558143125,33370
1558143126,33370
1558143127,33370
1558143128,33370
1558143129,33370
1558143130,33370
1558143131,33370
1558143132,33370
1558143133,33370
1558143134,33370
1558143135,33370
1558143136,33370
1558143137,33370
1558143138,33370
1558143139,33370
1558143140,33370
1558143141,33370
1558143142,33370
1558143143,33370
1558143144,33370
1558143145,33370
1558143146,33370
1558143147,33370
1558143148,33370
1558143149,33370
1558143150,33370
1558143151,33370
1558143152,33370
1558143153,33370
1558143154,33370
1558143155,33370
1558143156,33370
1558143157,33370
1558143158,33370
1558143159,33370
1558143160,33370
1558143161,33370
1558143162,33370
1558143163,33370
1558143164,33370
1558143165,33370
1558143166,33370
1558143167,33370
1558143168,33370
1558143169,33370
1558143170,33370
1558143171,33370
1558143172,33370
1558143173,33370
1558143174,33370
1558143175,33370
1558143176,33370
1558143177,33370
1558143178,33370
1558143179,33370
1558143180,33370
1558143181,33370
1558143182,33370
1558143183,33370
1558143184,33370
1558143185,33370
1558143186,33370
1558143187,33370
1558143188,33370
1558143189,33370
1558143190,33370
1558143191,33370
1558143192,33370
1558143193,33370
1558143194,33370
1558143195,33370
1558143196,33370
1558143197,33370
1558143198,33370
1558143199,33370
1558143200,33370
1558143201,33370
1558143202,33370
1558143203,33370
1558143204,33370
1558143205,33370
1558143206,33370
1558143207,33370
1558143208,33370
1558143209,33370
1558143210,33370
1558143211,33370
1558143212,33370
1558143213,33370
1558143214,33370
1558143215,33370
1558143216,33370
1558143217,33370
1558143218,33370
1558143219,33370
1558143220,33370
1558143221,33370
1558143222,33370
1558143223,33370
1558143224,33370
1558143225,33370
1558143226,33370
1558143227,33370
1558143228,33370
1558143229,33370
1558143230,33370
1558143231,33370
1558143232,33370
1558143233,33370
1558143234,33370
1558143235,33370
1558143236,33370
1558143237,33370
1558143238,33370
1558143239,33370
1558143240,33370
1558143241,33370
1558143242,33370
1558143243,33370
1558143244,33370
1558143245,33370
1558143246,33370
1558143247,33370
1558143248,33370
1558143249,33370
1558143250,33370
1558143251,33370
1558143252,33370
1558143253,33370
1558143254,33370
1558143255,33370
1558143256,33370
1558143257,33370
1558143258,33370
1558143259,33370
1558143260,33370
1558143261,33370
1558143262,33370
1558143263,33370
1558143264,33370
1558143265,33370
1558143266,33370
1558143267,33370
1558143268,33370
1558143269,33370
1558143270,33370
1558143271,33370
1558143272,33370
1558143273,33370
1558143274,33370
1558143275,33370
1558143276,33370
1558143277,33370
1558143278,33370
1558143279,33370
1558143280,33370
1558143281,33370
1558143282,33370
1558143283,33370
1558143284,33370
1558143285,33370
1558143286,33370
1558143287,33370
1558143288,33370
1558143289,33370
1558143290,33370
1558143291,33370
1558143292,33372
1558143293,33372
1558143294,33372
1558143295,33372
1558143296,33372
1558143297,33372
1558143298,33372
1558143299,33372
1558143300,33372
