timestamp,value
1562008692,122167296
1562008693,122167296
1562008694,122167296
1562008695,122167296
1562008696,122167296
1562008697,122167296
1562008698,122167296
1562008699,122167296
1562008700,122167296
1562008701,122167296
1562008702,122167296
1562008703,122167296
1562008704,122167296
1562008705,122167296
1562008706,122167296
1562008707,122167296
1562008708,122167296
1562008709,122167296
1562008710,122167296
1562008711,122167296
1562008712,122167296
1562008713,122167296
1562008714,122167296
1562008715,122167296
1562008716,122167296
1562008717,122167296
1562008718,122167296
1562008719,122167296
1562008720,122167296
1562008721,122167296
1562008722,122167296
1562008723,122167296
1562008724,122167296
1562008725,122167296
1562008726,122167296
1562008727,122167296
1562008728,122167296
1562008729,122167296
1562008730,122167296
1562008731,122167296
1562008732,122167296
1562008733,122167296
1562008734,122167296
1562008735,122167296
1562008736,122167296
1562008737,122167296
1562008738,122167296
1562008739,122167296
1562008740,122167296
1562008741,122167296
1562008742,122167296
1562008743,122167296
1562008744,122167296
1562008745,122167296
1562008746,122167296
1562008747,122167296
1562008748,122167296
1562008749,122167296
1562008750,122167296
1562008751,122167296
1562008752,122167296
1562008753,122167296
1562008754,122167296
1562008755,122167296
1562008756,122167296
1562008757,122167296
1562008758,122167296
1562008759,122167296
1562008760,122167296
1562008761,122167296
1562008762,122167296
1562008763,122167296
1562008764,122167296
1562008765,122167296
1562008766,122167296
1562008767,122167296
1562008768,122167296
1562008769,122167296
1562008770,122167296
1562008771,122167296
1562008772,122167296
1562008773,122167296
1562008774,122167296
1562008775,122167296
1562008776,122167296
1562008777,122167296
1562008778,122167296
1562008779,122167296
1562008780,122167296
1562008781,122167296
1562008782,122167296
1562008783,122167296
1562008784,122167296
1562008785,122167296
1562008786,122167296
1562008787,122167296
1562008788,122167296
1562008789,122167296
1562008790,122167296
1562008791,122167296
1562008792,122167296
1562008793,122167296
1562008794,122167296
1562008795,122167296
1562008796,122167296
1562008797,122167296
1562008798,122167296
1562008799,122167296
1562008800,122167296
1562008801,122167296
1562008802,122167296
1562008803,122167296
1562008804,122167296
1562008805,122167296
1562008806,122167296
1562008807,122167296
1562008808,122167296
1562008809,122167296
1562008810,122167296
1562008811,122167296
1562008812,122167296
1562008813,122167296
1562008814,122167296
1562008815,122167296
1562008816,122167296
1562008817,122167296
1562008818,122167296
1562008819,122167296
1562008820,122167296
1562008821,122167296
1562008822,122167296
1562008823,122167296
1562008824,122167296
1562008825,122167296
1562008826,122167296
1562008827,122167296
1562008828,122167296
1562008829,122167296
1562008830,122167296
1562008831,122167296
1562008832,122167296
1562008833,122167296
1562008834,122167296
1562008835,122167296
1562008836,122167296
1562008837,122167296
1562008838,122167296
1562008839,122167296
1562008840,122167296
1562008841,122167296
1562008842,122167296
1562008843,122167296
1562008844,122167296
1562008845,122167296
1562008846,122167296
1562008847,122167296
1562008848,122167296
1562008849,122167296
1562008850,122167296
1562008851,122167296
1562008852,122167296
1562008853,122167296
1562008854,122167296
1562008855,122167296
1562008856,122167296
1562008857,122167296
1562008858,122167296
1562008859,122167296
1562008860,122167296
1562008861,122167296
1562008862,122167296
1562008863,122167296
1562008864,122167296
1562008865,122167296
1562008866,122167296
1562008867,122167296
1562008868,122167296
1562008869,122167296
1562008870,122167296
1562008871,122167296
1562008872,122167296
1562008873,122167296
1562008874,122167296
1562008875,122167296
1562008876,122167296
1562008877,122167296
1562008878,122167296
1562008879,122167296
1562008880,122167296
1562008881,122167296
1562008882,122167296
1562008883,122167296
1562008884,122167296
1562008885,122167296
1562008886,122167296
1562008887,122167296
1562008888,122167296
1562008889,122167296
1562008890,122167296
1562008891,122167296
1562008892,122167296
1562008893,122167296
1562008894,122167296
1562008895,122167296
1562008896,122167296
1562008897,122167296
1562008898,122167296
1562008899,122167296
1562008900,122167296
1562008901,122167296
1562008902,122167296
1562008903,122167296
1562008904,122167296
1562008905,122167296
1562008906,122167296
1562008907,122167296
1562008908,122167296
1562008909,122167296
1562008910,122167296
1562008911,122167296
1562008912,122167296
1562008913,122167296
1562008914,122167296
1562008915,122167296
1562008916,122167296
1562008917,122167296
1562008918,122167296
1562008919,122167296
1562008920,122167296
1562008921,122167296
1562008922,122167296
1562008923,122167296
1562008924,122167296
1562008925,122167296
1562008926,122167296
1562008927,122167296
1562008928,122167296
1562008929,122167296
1562008930,122167296
1562008931,122167296
1562008932,122167296
1562008933,122167296
1562008934,122167296
1562008935,122167296
1562008936,122167296
1562008937,122167296
1562008938,122167296
1562008939,122167296
1562008940,122167296
1562008941,122167296
1562008942,122167296
1562008943,122167296
1562008944,122167296
1562008945,122167296
1562008946,122167296
1562008947,122167296
1562008948,122167296
1562008949,122167296
1562008950,122167296
1562008951,122167296
1562008952,122167296
1562008953,122167296
1562008954,122167296
1562008955,122167296
1562008956,122167296
1562008957,122167296
1562008958,122167296
1562008959,122167296
1562008960,122167296
1562008961,122167296
1562008962,122167296
1562008963,122167296
1562008964,122167296
1562008965,122167296
1562008966,122167296
1562008967,122167296
1562008968,122167296
1562008969,122167296
1562008970,122167296
1562008971,122167296
1562008972,122167296
1562008973,122167296
1562008974,122167296
1562008975,122167296
1562008976,122167296
1562008977,122167296
1562008978,122167296
1562008979,122167296
1562008980,122167296
1562008981,122167296
1562008982,122167296
1562008983,122167296
1562008984,122167296
1562008985,122167296
1562008986,122167296
1562008987,122167296
1562008988,122167296
1562008989,122167296
1562008990,122167296
1562008991,122167296
1562008992,122167296
1562008993,122167296
1562008994,122167296
1562008995,122167296
1562008996,122167296
1562008997,122167296
1562008998,122167296
1562008999,122167296
1562009000,122167296
1562009001,122167296
1562009002,122167296
1562009003,122167296
1562009004,122167296
1562009005,122167296
1562009006,122167296
1562009007,122167296
1562009008,122167296
1562009009,122167296
1562009010,122167296
1562009011,122167296
1562009012,122167296
1562009013,122167296
1562009014,122167296
1562009015,122167296
1562009016,122167296
1562009017,122167296
1562009018,122167296
1562009019,122167296
1562009020,122167296
1562009021,122167296
1562009022,122167296
1562009023,122167296
1562009024,122167296
1562009025,122167296
1562009026,122167296
1562009027,122167296
1562009028,122167296
1562009029,122167296
1562009030,122167296
1562009031,122167296
1562009032,122167296
1562009033,122167296
1562009034,122167296
1562009035,122167296
1562009036,122167296
1562009037,122167296
1562009038,122167296
1562009039,122167296
1562009040,122167296
1562009041,122167296
1562009042,122167296
1562009043,122167296
1562009044,122167296
1562009045,122167296
1562009046,122167296
1562009047,122167296
1562009048,122167296
1562009049,122167296
1562009050,122167296
1562009051,122167296
1562009052,122167296
1562009053,122167296
1562009054,122167296
1562009055,122167296
1562009056,122167296
1562009057,122167296
1562009058,122167296
1562009059,122167296
1562009060,122167296
1562009061,122167296
1562009062,122167296
1562009063,122167296
1562009064,122167296
1562009065,122167296
1562009066,122167296
1562009067,122167296
1562009068,122167296
1562009069,122167296
1562009070,122167296
1562009071,122167296
1562009072,122167296
1562009073,122167296
1562009074,122167296
1562009075,122167296
1562009076,122167296
1562009077,122167296
1562009078,122167296
1562009079,122167296
1562009080,122167296
1562009081,122167296
1562009082,122167296
1562009083,122167296
1562009084,122167296
1562009085,122167296
1562009086,122167296
1562009087,122167296
1562009088,122167296
1562009089,122167296
1562009090,122167296
1562009091,122167296
1562009092,122167296
1562009093,122167296
1562009094,122167296
1562009095,122167296
1562009096,122167296
1562009097,122167296
1562009098,122167296
1562009099,122167296
1562009100,122167296
1562009101,122167296
1562009102,122167296
1562009103,122167296
1562009104,122167296
1562009105,122167296
1562009106,122167296
1562009107,122167296
1562009108,122167296
1562009109,122167296
1562009110,122167296
1562009111,122167296
1562009112,122167296
1562009113,122167296
1562009114,122167296
1562009115,122167296
1562009116,122167296
1562009117,122167296
1562009118,122167296
1562009119,122167296
1562009120,122167296
1562009121,122167296
1562009122,122167296
1562009123,122167296
1562009124,122167296
1562009125,122167296
1562009126,122167296
1562009127,122167296
1562009128,122167296
1562009129,122167296
1562009130,122167296
1562009131,122167296
1562009132,122167296
1562009133,122167296
1562009134,122167296
1562009135,122167296
1562009136,122167296
1562009137,122167296
1562009138,122167296
1562009139,122167296
1562009140,122167296
1562009141,122167296
1562009142,122167296
1562009143,122167296
1562009144,122167296
1562009145,122167296
1562009146,122167296
1562009147,122167296
1562009148,122167296
1562009149,122167296
1562009150,122167296
1562009151,122167296
1562009152,122167296
1562009153,122167296
1562009154,122167296
1562009155,122167296
1562009156,122167296
1562009157,122167296
1562009158,122167296
1562009159,122167296
1562009160,122167296
1562009161,122167296
1562009162,122167296
1562009163,122167296
1562009164,122167296
1562009165,122167296
1562009166,122167296
1562009167,122167296
1562009168,122167296
1562009169,122167296
1562009170,122167296
1562009171,122167296
1562009172,122167296
1562009173,122167296
1562009174,122167296
1562009175,122167296
1562009176,122167296
1562009177,122167296
1562009178,122167296
1562009179,122167296
1562009180,122167296
1562009181,122167296
1562009182,122167296
1562009183,122167296
1562009184,122167296
1562009185,122167296
1562009186,122167296
1562009187,122167296
1562009188,122167296
1562009189,122167296
1562009190,122167296
1562009191,122167296
1562009192,122167296
1562009193,122167296
1562009194,122167296
1562009195,122167296
1562009196,122167296
1562009197,122167296
1562009198,122167296
1562009199,122167296
1562009200,122167296
1562009201,122167296
1562009202,122167296
1562009203,122167296
1562009204,122167296
1562009205,122167296
1562009206,122167296
1562009207,122167296
1562009208,122167296
1562009209,122167296
1562009210,122167296
1562009211,122167296
1562009212,122167296
1562009213,122167296
1562009214,122167296
1562009215,122167296
1562009216,122167296
1562009217,122167296
1562009218,122167296
1562009219,122167296
1562009220,122167296
1562009221,122167296
1562009222,122167296
1562009223,122167296
1562009224,122167296
1562009225,122167296
1562009226,122167296
1562009227,122167296
1562009228,122167296
1562009229,122167296
1562009230,122167296
1562009231,122167296
1562009232,122167296
1562009233,122167296
1562009234,122167296
1562009235,122167296
1562009236,122167296
1562009237,122167296
1562009238,122167296
1562009239,122167296
1562009240,122167296
1562009241,122167296
1562009242,122167296
1562009243,122167296
1562009244,122167296
1562009245,122167296
1562009246,122167296
1562009247,122167296
1562009248,122167296
1562009249,122167296
1562009250,122167296
1562009251,122167296
1562009252,122167296
1562009253,122167296
1562009254,122167296
1562009255,122167296
1562009256,122167296
1562009257,122167296
1562009258,122167296
1562009259,122167296
1562009260,122167296
1562009261,122167296
1562009262,122167296
1562009263,122167296
1562009264,122167296
1562009265,122167296
1562009266,122167296
1562009267,122167296
1562009268,122167296
1562009269,122167296
1562009270,122167296
1562009271,122167296
1562009272,122167296
1562009273,122167296
1562009274,122167296
1562009275,122167296
1562009276,122167296
1562009277,122167296
1562009278,122167296
1562009279,122167296
1562009280,122167296
1562009281,122167296
1562009282,122167296
1562009283,122167296
1562009284,122167296
1562009285,122167296
1562009286,122167296
1562009287,122167296
1562009288,122167296
1562009289,122167296
1562009290,122167296
1562009291,122167296
1562009292,122167296
1562009293,122167296
1562009294,122167296
1562009295,122167296
1562009296,122167296
1562009297,122167296
1562009298,122167296
1562009299,122167296
1562009300,122167296
1562009301,122167296
1562009302,122167296
1562009303,122167296
1562009304,122167296
1562009305,122167296
1562009306,122167296
1562009307,122167296
1562009308,122167296
1562009309,122167296
1562009310,122167296
1562009311,122167296
1562009312,122167296
1562009313,122167296
1562009314,122167296
1562009315,122167296
1562009316,122167296
1562009317,122167296
1562009318,122167296
1562009319,122167296
1562009320,122167296
1562009321,122167296
1562009322,122167296
1562009323,122167296
1562009324,122167296
1562009325,122167296
1562009326,122167296
1562009327,122167296
1562009328,122167296
1562009329,122167296
1562009330,122167296
1562009331,122167296
1562009332,122167296
1562009333,122167296
1562009334,122167296
1562009335,122167296
1562009336,122167296
1562009337,122167296
1562009338,122167296
1562009339,122167296
1562009340,122167296
1562009341,122167296
1562009342,122167296
1562009343,122167296
1562009344,122167296
1562009345,122167296
1562009346,122167296
1562009347,122167296
1562009348,122167296
1562009349,122167296
1562009350,122167296
1562009351,122167296
1562009352,122167296
1562009353,122167296
1562009354,122167296
1562009355,122167296
1562009356,122167296
1562009357,122167296
1562009358,122167296
1562009359,122167296
1562009360,122167296
1562009361,122167296
1562009362,122167296
1562009363,122167296
1562009364,122167296
1562009365,122167296
1562009366,122167296
1562009367,122167296
1562009368,122167296
1562009369,122167296
1562009370,122167296
1562009371,122167296
1562009372,122167296
1562009373,122167296
1562009374,122167296
1562009375,122167296
1562009376,122167296
1562009377,122167296
1562009378,122167296
1562009379,122167296
1562009380,122167296
1562009381,122167296
1562009382,122167296
1562009383,122167296
1562009384,122167296
1562009385,122167296
1562009386,122167296
1562009387,122167296
1562009388,122167296
1562009389,122167296
1562009390,122167296
1562009391,122167296
1562009392,122167296
1562009393,122167296
1562009394,122167296
1562009395,122167296
1562009396,122167296
1562009397,122167296
1562009398,122167296
1562009399,122167296
1562009400,122167296
1562009401,122167296
1562009402,122167296
1562009403,122167296
1562009404,122167296
1562009405,122167296
1562009406,122167296
1562009407,122167296
1562009408,122167296
1562009409,122167296
1562009410,122167296
1562009411,122167296
1562009412,122167296
1562009413,122167296
1562009414,122167296
1562009415,122167296
1562009416,122167296
1562009417,122167296
1562009418,122167296
1562009419,122167296
1562009420,122167296
1562009421,122167296
1562009422,122167296
1562009423,122167296
1562009424,122167296
1562009425,122167296
1562009426,122167296
1562009427,122167296
1562009428,122167296
1562009429,122167296
1562009430,122167296
1562009431,122167296
1562009432,122167296
1562009433,122167296
1562009434,122167296
1562009435,122167296
1562009436,122167296
1562009437,122167296
1562009438,122167296
1562009439,122167296
1562009440,122167296
1562009441,122167296
1562009442,122167296
1562009443,122167296
1562009444,122167296
1562009445,122167296
1562009446,122167296
1562009447,122167296
1562009448,122167296
1562009449,122167296
1562009450,122167296
1562009451,122167296
1562009452,122167296
1562009453,122167296
1562009454,122167296
1562009455,122167296
1562009456,122167296
1562009457,122167296
1562009458,122167296
1562009459,122167296
1562009460,122167296
1562009461,122167296
1562009462,122167296
1562009463,122167296
1562009464,122167296
1562009465,122167296
1562009466,122167296
1562009467,122167296
1562009468,122167296
1562009469,122167296
1562009470,122167296
1562009471,122167296
1562009472,122167296
1562009473,122167296
1562009474,122167296
1562009475,122167296
1562009476,122167296
1562009477,122167296
1562009478,122167296
1562009479,122167296
1562009480,122167296
1562009481,122167296
1562009482,122167296
1562009483,122167296
1562009484,122167296
1562009485,122167296
1562009486,122167296
1562009487,122167296
1562009488,122167296
1562009489,122167296
1562009490,122167296
1562009491,122167296
1562009492,122167296
1562009493,122167296
1562009494,122167296
1562009495,122167296
1562009496,122167296
1562009497,122167296
1562009498,122167296
1562009499,122167296
1562009500,122167296
1562009501,122167296
1562009502,122167296
1562009503,122167296
1562009504,122167296
1562009505,122167296
1562009506,122167296
1562009507,122167296
1562009508,122167296
1562009509,122167296
1562009510,122167296
1562009511,122167296
1562009512,122167296
1562009513,122167296
1562009514,122167296
1562009515,122167296
1562009516,122167296
1562009517,122167296
1562009518,122167296
1562009519,122167296
1562009520,122167296
1562009521,122167296
1562009522,122167296
1562009523,122167296
1562009524,122167296
1562009525,122167296
1562009526,122167296
1562009527,122167296
1562009528,122167296
1562009529,122167296
1562009530,122167296
1562009531,122167296
1562009532,122167296
1562009533,122167296
1562009534,122167296
1562009535,122167296
1562009536,122167296
1562009537,122167296
1562009538,122167296
1562009539,122167296
1562009540,122167296
1562009541,122167296
1562009542,122167296
1562009543,122167296
1562009544,122167296
1562009545,122167296
1562009546,122167296
1562009547,122167296
1562009548,122167296
1562009549,122167296
1562009550,122167296
1562009551,122167296
1562009552,122167296
1562009553,122167296
1562009554,122167296
1562009555,122167296
1562009556,122167296
1562009557,122167296
1562009558,122167296
1562009559,122167296
1562009560,122167296
1562009561,122167296
1562009562,122167296
1562009563,122167296
1562009564,122167296
1562009565,122167296
1562009566,122167296
1562009567,122167296
1562009568,122167296
1562009569,122167296
1562009570,122167296
1562009571,122167296
1562009572,122167296
1562009573,122167296
1562009574,122167296
1562009575,122167296
1562009576,122167296
1562009577,122167296
1562009578,122167296
1562009579,122167296
1562009580,122167296
1562009581,122167296
1562009582,122167296
1562009583,122167296
1562009584,122167296
1562009585,122167296
1562009586,122167296
1562009587,122167296
1562009588,122167296
1562009589,122167296
1562009590,122167296
1562009591,122167296
1562009592,122167296
1562009593,122167296
1562009594,122167296
1562009595,122167296
1562009596,122167296
1562009597,122167296
1562009598,122167296
1562009599,122167296
1562009600,122167296
1562009601,122167296
1562009602,122167296
1562009603,122167296
1562009604,122167296
1562009605,122167296
1562009606,122167296
1562009607,122167296
1562009608,122167296
1562009609,122167296
1562009610,122167296
1562009611,122167296
1562009612,122167296
1562009613,122167296
1562009614,122167296
1562009615,122167296
1562009616,122167296
1562009617,122167296
1562009618,122167296
1562009619,122167296
1562009620,122167296
1562009621,122167296
1562009622,122167296
1562009623,122167296
1562009624,122167296
1562009625,122167296
1562009626,122167296
1562009627,122167296
1562009628,122167296
1562009629,122167296
1562009630,122167296
1562009631,122167296
1562009632,122167296
1562009633,122167296
1562009634,122167296
1562009635,122167296
1562009636,122167296
1562009637,122167296
1562009638,122167296
1562009639,122167296
1562009640,122167296
1562009641,122167296
1562009642,122167296
1562009643,122167296
1562009644,122167296
1562009645,122167296
1562009646,122167296
1562009647,122167296
1562009648,122167296
1562009649,122167296
1562009650,122167296
1562009651,122167296
1562009652,122167296
1562009653,122167296
1562009654,122167296
1562009655,122167296
1562009656,122167296
1562009657,122167296
1562009658,122167296
1562009659,122167296
1562009660,122167296
1562009661,122167296
1562009662,122167296
1562009663,122167296
1562009664,122167296
1562009665,122167296
1562009666,122167296
1562009667,122167296
1562009668,122167296
1562009669,122167296
1562009670,122167296
1562009671,122167296
1562009672,122167296
1562009673,122167296
1562009674,122167296
1562009675,122167296
1562009676,122167296
1562009677,122167296
1562009678,122167296
1562009679,122167296
1562009680,122167296
1562009681,122167296
1562009682,122167296
1562009683,122167296
1562009684,122167296
1562009685,122167296
1562009686,122167296
1562009687,122167296
1562009688,122167296
1562009689,122167296
1562009690,122167296
1562009691,122167296
1562009692,122167296
1562009693,122167296
1562009694,122167296
1562009695,122167296
1562009696,122167296
1562009697,122167296
1562009698,122167296
1562009699,122167296
1562009700,122167296
1562009701,122167296
1562009702,122167296
1562009703,122167296
1562009704,122167296
1562009705,122167296
1562009706,122167296
1562009707,122167296
1562009708,122167296
1562009709,122167296
1562009710,122167296
1562009711,122167296
1562009712,122167296
1562009713,122167296
1562009714,122167296
1562009715,122167296
1562009716,122167296
1562009717,122167296
1562009718,122167296
1562009719,122167296
1562009720,122167296
1562009721,122167296
1562009722,122167296
1562009723,122167296
1562009724,122167296
1562009725,122167296
1562009726,122167296
1562009727,122167296
1562009728,122167296
1562009729,122167296
1562009730,122167296
1562009731,122167296
1562009732,122167296
1562009733,122167296
1562009734,122167296
1562009735,122167296
1562009736,122167296
1562009737,122167296
1562009738,122167296
1562009739,122167296
1562009740,122167296
1562009741,122167296
1562009742,122167296
1562009743,122167296
1562009744,122167296
1562009745,122167296
1562009746,122167296
1562009747,122167296
1562009748,122167296
1562009749,122167296
1562009750,122167296
1562009751,122167296
1562009752,122167296
1562009753,122167296
1562009754,122167296
1562009755,122167296
1562009756,122167296
1562009757,122167296
1562009758,122167296
1562009759,122167296
1562009760,122167296
1562009761,122167296
1562009762,122167296
1562009763,122167296
1562009764,122167296
1562009765,122167296
1562009766,122167296
1562009767,122167296
1562009768,122167296
1562009769,122167296
1562009770,122167296
1562009771,122167296
1562009772,122167296
1562009773,122167296
1562009774,122167296
1562009775,122167296
1562009776,122167296
1562009777,122167296
1562009778,122167296
1562009779,122167296
1562009780,122167296
1562009781,122167296
1562009782,122167296
1562009783,122167296
1562009784,122167296
1562009785,122167296
1562009786,122167296
1562009787,122167296
1562009788,122167296
1562009789,122167296
1562009790,122167296
1562009791,122167296
1562009792,122167296
1562009793,122167296
1562009794,122167296
1562009795,122167296
1562009796,122167296
1562009797,122167296
1562009798,122167296
1562009799,122167296
1562009800,122167296
1562009801,122167296
1562009802,122167296
1562009803,122167296
1562009804,122167296
1562009805,122167296
1562009806,122167296
1562009807,122167296
1562009808,122167296
1562009809,122167296
1562009810,122167296
1562009811,122167296
1562009812,122167296
1562009813,122167296
1562009814,122167296
1562009815,122167296
1562009816,122167296
1562009817,122167296
1562009818,122167296
1562009819,122167296
1562009820,122167296
1562009821,122167296
1562009822,122167296
1562009823,122167296
1562009824,122167296
1562009825,122167296
1562009826,122167296
1562009827,122167296
1562009828,122167296
1562009829,122167296
1562009830,122167296
1562009831,122167296
1562009832,122167296
1562009833,122167296
1562009834,122167296
1562009835,122167296
1562009836,122167296
1562009837,122167296
1562009838,122167296
1562009839,122167296
1562009840,122167296
1562009841,122167296
1562009842,122167296
1562009843,122167296
1562009844,122167296
1562009845,122167296
1562009846,122167296
1562009847,122167296
1562009848,122167296
1562009849,122167296
1562009850,122167296
1562009851,122167296
1562009852,122167296
1562009853,122167296
1562009854,122167296
1562009855,122167296
1562009856,122167296
1562009857,122167296
1562009858,122167296
1562009859,122167296
1562009860,122167296
1562009861,122167296
1562009862,122167296
1562009863,122167296
1562009864,122167296
1562009865,122167296
1562009866,122167296
1562009867,122167296
1562009868,122167296
1562009869,122167296
1562009870,122167296
1562009871,122167296
1562009872,122167296
1562009873,122167296
1562009874,122167296
1562009875,122167296
1562009876,122167296
1562009877,122167296
1562009878,122167296
1562009879,122167296
1562009880,122167296
1562009881,122167296
1562009882,122167296
1562009883,122167296
1562009884,122167296
1562009885,122167296
1562009886,122167296
1562009887,122167296
1562009888,122167296
1562009889,122167296
1562009890,122167296
1562009891,122167296
1562009892,122167296
1562009893,122167296
1562009894,122167296
1562009895,122167296
1562009896,122167296
1562009897,122167296
1562009898,122167296
1562009899,122167296
1562009900,122167296
1562009901,122167296
1562009902,122167296
1562009903,122167296
1562009904,122167296
1562009905,122167296
1562009906,122167296
1562009907,122167296
1562009908,122167296
1562009909,122167296
1562009910,122167296
1562009911,122167296
1562009912,122167296
1562009913,122167296
1562009914,122167296
1562009915,122167296
1562009916,122167296
1562009917,122167296
1562009918,122167296
1562009919,122167296
1562009920,122167296
1562009921,122167296
1562009922,122167296
1562009923,122167296
1562009924,122167296
1562009925,122167296
1562009926,122167296
1562009927,122167296
1562009928,122167296
1562009929,122167296
1562009930,122167296
1562009931,122167296
1562009932,122167296
1562009933,122167296
1562009934,122167296
1562009935,122167296
1562009936,122167296
1562009937,122167296
1562009938,122167296
1562009939,122167296
1562009940,122167296
1562009941,122167296
1562009942,122167296
1562009943,122167296
1562009944,122167296
1562009945,122167296
1562009946,122167296
1562009947,122167296
1562009948,122167296
1562009949,122167296
1562009950,122167296
1562009951,122167296
1562009952,122167296
1562009953,122167296
1562009954,122167296
1562009955,122167296
1562009956,122167296
1562009957,122167296
1562009958,122167296
1562009959,122167296
1562009960,122167296
1562009961,122167296
1562009962,122167296
1562009963,122167296
1562009964,122167296
1562009965,122167296
1562009966,122167296
1562009967,122167296
1562009968,122167296
1562009969,122167296
1562009970,122167296
1562009971,122167296
1562009972,122167296
1562009973,122167296
1562009974,122167296
1562009975,122167296
1562009976,122167296
1562009977,122167296
1562009978,122167296
1562009979,122167296
1562009980,122167296
1562009981,122167296
1562009982,122167296
1562009983,122167296
1562009984,122167296
1562009985,122167296
1562009986,122167296
1562009987,122167296
1562009988,122167296
1562009989,122167296
1562009990,122167296
1562009991,122167296
1562009992,122167296
1562009993,122167296
1562009994,122167296
1562009995,122167296
1562009996,122167296
1562009997,122167296
1562009998,122167296
1562009999,122167296
1562010000,122167296
1562010001,122167296
1562010002,122167296
1562010003,122167296
1562010004,122167296
1562010005,122167296
1562010006,122167296
1562010007,122167296
1562010008,122167296
1562010009,122167296
1562010010,122167296
1562010011,122167296
1562010012,122167296
1562010013,122167296
1562010014,122167296
1562010015,122167296
1562010016,122167296
1562010017,122167296
1562010018,122167296
1562010019,122167296
1562010020,122167296
1562010021,122167296
1562010022,122167296
1562010023,122167296
1562010024,122167296
1562010025,122167296
1562010026,122167296
1562010027,122167296
1562010028,122167296
1562010029,122167296
1562010030,122167296
1562010031,122167296
1562010032,122167296
1562010033,122167296
1562010034,122167296
1562010035,122167296
1562010036,122167296
1562010037,122167296
1562010038,122167296
1562010039,122167296
1562010040,122167296
1562010041,122167296
1562010042,122167296
1562010043,122167296
1562010044,122167296
1562010045,122167296
1562010046,122167296
1562010047,122167296
1562010048,122167296
1562010049,122167296
1562010050,122167296
1562010051,122167296
1562010052,122167296
1562010053,122167296
1562010054,122167296
1562010055,122167296
1562010056,122167296
1562010057,122167296
1562010058,122167296
1562010059,122167296
1562010060,122167296
1562010061,122167296
1562010062,122167296
1562010063,122167296
1562010064,122167296
1562010065,122167296
1562010066,122167296
1562010067,122167296
1562010068,122167296
1562010069,122167296
1562010070,122167296
1562010071,122167296
1562010072,122167296
1562010073,122167296
1562010074,122167296
1562010075,122167296
1562010076,122167296
1562010077,122167296
1562010078,122167296
1562010079,122167296
1562010080,122167296
1562010081,122167296
1562010082,122167296
1562010083,122167296
1562010084,122167296
1562010085,122167296
1562010086,122167296
1562010087,122167296
1562010088,122167296
1562010089,122167296
1562010090,122167296
1562010091,122167296
1562010092,122167296
1562010093,122167296
1562010094,122167296
1562010095,122167296
1562010096,122167296
1562010097,122167296
1562010098,122167296
1562010099,122167296
1562010100,122167296
1562010101,122167296
1562010102,122167296
1562010103,122167296
1562010104,122167296
1562010105,122167296
1562010106,122167296
1562010107,122167296
1562010108,122167296
1562010109,122167296
1562010110,122167296
1562010111,122167296
1562010112,122167296
1562010113,122167296
1562010114,122167296
1562010115,122167296
1562010116,122167296
1562010117,122167296
1562010118,122167296
1562010119,122167296
1562010120,122167296
1562010121,122167296
1562010122,122167296
1562010123,122167296
1562010124,122167296
1562010125,122167296
1562010126,122167296
1562010127,122167296
1562010128,122167296
1562010129,122167296
1562010130,122167296
1562010131,122167296
1562010132,122167296
1562010133,122167296
1562010134,122167296
1562010135,122167296
1562010136,122167296
1562010137,122167296
1562010138,122167296
1562010139,122167296
1562010140,122167296
1562010141,122167296
1562010142,122167296
1562010143,122167296
1562010144,122167296
1562010145,122167296
1562010146,122167296
1562010147,122167296
1562010148,122167296
1562010149,122167296
1562010150,122167296
1562010151,122167296
1562010152,122167296
1562010153,122167296
1562010154,122167296
1562010155,122167296
1562010156,122167296
1562010157,122167296
1562010158,122167296
1562010159,122167296
1562010160,122167296
1562010161,122167296
1562010162,122167296
1562010163,122167296
1562010164,122167296
1562010165,122167296
1562010166,122167296
1562010167,122167296
1562010168,122167296
1562010169,122167296
1562010170,122167296
1562010171,122167296
1562010172,122167296
1562010173,122167296
1562010174,122167296
1562010175,122167296
1562010176,122167296
1562010177,122167296
1562010178,122167296
1562010179,122167296
1562010180,122167296
1562010181,122167296
1562010182,122167296
1562010183,122167296
1562010184,122167296
1562010185,122167296
1562010186,122167296
1562010187,122167296
1562010188,122167296
1562010189,122167296
1562010190,122167296
1562010191,122167296
1562010192,122167296
1562010193,122167296
1562010194,122167296
1562010195,122167296
1562010196,122167296
1562010197,122167296
1562010198,122167296
1562010199,122167296
1562010200,122167296
1562010201,122167296
1562010202,122167296
1562010203,122167296
1562010204,122167296
1562010205,122167296
1562010206,122167296
1562010207,122167296
1562010208,122167296
1562010209,122167296
1562010210,122167296
1562010211,122167296
1562010212,122167296
1562010213,122167296
1562010214,122167296
1562010215,122167296
1562010216,122167296
1562010217,122167296
1562010218,122167296
1562010219,122167296
1562010220,122167296
1562010221,122167296
1562010222,122167296
1562010223,122167296
1562010224,122167296
1562010225,122167296
1562010226,122167296
1562010227,122167296
1562010228,122167296
1562010229,122167296
1562010230,122167296
1562010231,122167296
1562010232,122167296
1562010233,122167296
1562010234,122167296
1562010235,122167296
1562010236,122167296
1562010237,122167296
1562010238,122167296
1562010239,122167296
1562010240,122167296
1562010241,122167296
1562010242,122167296
1562010243,122167296
1562010244,122167296
1562010245,122167296
1562010246,122167296
1562010247,122167296
1562010248,122167296
1562010249,122167296
1562010250,122167296
1562010251,122167296
1562010252,122167296
1562010253,122167296
1562010254,122167296
1562010255,122167296
1562010256,122167296
1562010257,122167296
1562010258,122167296
1562010259,122167296
1562010260,122167296
1562010261,122167296
1562010262,122167296
1562010263,122167296
1562010264,122167296
1562010265,122167296
1562010266,122167296
1562010267,122167296
1562010268,122167296
1562010269,122167296
1562010270,122167296
1562010271,122167296
1562010272,122167296
1562010273,122167296
1562010274,122167296
1562010275,122167296
1562010276,122167296
1562010277,122167296
1562010278,122167296
1562010279,122167296
1562010280,122167296
1562010281,122167296
1562010282,122167296
1562010283,122167296
1562010284,122167296
1562010285,122167296
1562010286,122167296
1562010287,122167296
1562010288,122167296
1562010289,122167296
1562010290,122167296
1562010291,122167296
1562010292,122167296
1562010293,122167296
1562010294,122167296
1562010295,122167296
1562010296,122167296
1562010297,122167296
1562010298,122167296
1562010299,122167296
1562010300,122167296
1562010301,122167296
1562010302,122167296
1562010303,122167296
1562010304,122167296
1562010305,122167296
1562010306,122167296
1562010307,122167296
1562010308,122167296
1562010309,122167296
1562010310,122167296
1562010311,122167296
1562010312,122167296
1562010313,122167296
1562010314,122167296
1562010315,122167296
1562010316,122167296
1562010317,122167296
1562010318,122167296
1562010319,122167296
1562010320,122167296
1562010321,122167296
1562010322,122167296
1562010323,122167296
1562010324,122167296
1562010325,122167296
1562010326,122167296
1562010327,122167296
1562010328,122167296
1562010329,122167296
1562010330,122167296
1562010331,122167296
1562010332,122167296
1562010333,122167296
1562010334,122167296
1562010335,122167296
1562010336,122167296
1562010337,122167296
1562010338,122167296
1562010339,122167296
1562010340,122167296
1562010341,122167296
1562010342,122167296
1562010343,122167296
1562010344,122167296
1562010345,122167296
1562010346,122167296
1562010347,122167296
1562010348,122167296
1562010349,122167296
1562010350,122167296
1562010351,122167296
1562010352,122167296
1562010353,122167296
1562010354,122167296
1562010355,122167296
1562010356,122167296
1562010357,122167296
1562010358,122167296
1562010359,122167296
1562010360,122167296
1562010361,122167296
1562010362,122167296
1562010363,122167296
1562010364,122167296
1562010365,122167296
1562010366,122167296
1562010367,122167296
1562010368,122167296
1562010369,122167296
1562010370,122167296
1562010371,122167296
1562010372,122167296
1562010373,122167296
1562010374,122167296
1562010375,122167296
1562010376,122167296
1562010377,122167296
1562010378,122167296
1562010379,122167296
1562010380,122167296
1562010381,122167296
1562010382,122167296
1562010383,122167296
1562010384,122167296
1562010385,122167296
1562010386,122167296
1562010387,122167296
1562010388,122167296
1562010389,122167296
1562010390,122167296
1562010391,122167296
1562010392,122167296
1562010393,122167296
1562010394,122167296
1562010395,122167296
1562010396,122167296
1562010397,122167296
1562010398,122167296
1562010399,122167296
1562010400,122167296
1562010401,122167296
1562010402,122167296
1562010403,122167296
1562010404,122167296
1562010405,122167296
1562010406,122167296
1562010407,122167296
1562010408,122167296
1562010409,122167296
1562010410,122167296
1562010411,122167296
1562010412,122167296
1562010413,122167296
1562010414,122167296
1562010415,122167296
1562010416,122167296
1562010417,122167296
1562010418,122167296
1562010419,122167296
1562010420,122167296
1562010421,122167296
1562010422,122167296
1562010423,122167296
1562010424,122167296
1562010425,122167296
1562010426,122167296
1562010427,122167296
1562010428,122167296
1562010429,122167296
1562010430,122167296
1562010431,122167296
1562010432,122167296
1562010433,122167296
1562010434,122167296
1562010435,122167296
1562010436,122167296
1562010437,122167296
1562010438,122167296
1562010439,122167296
1562010440,122167296
1562010441,122167296
1562010442,122167296
1562010443,122167296
1562010444,122167296
1562010445,122167296
1562010446,122167296
1562010447,122167296
1562010448,122167296
1562010449,122167296
1562010450,122167296
1562010451,122167296
1562010452,122167296
1562010453,122167296
1562010454,122167296
1562010455,122167296
1562010456,122167296
1562010457,122167296
1562010458,122167296
1562010459,122167296
1562010460,122167296
1562010461,122167296
1562010462,122167296
1562010463,122167296
1562010464,122167296
1562010465,122167296
1562010466,122167296
1562010467,122167296
1562010468,122167296
1562010469,122167296
1562010470,122167296
1562010471,122167296
1562010472,122167296
1562010473,122167296
1562010474,122167296
1562010475,122167296
1562010476,122167296
1562010477,122167296
1562010478,122167296
1562010479,122167296
1562010480,122167296
1562010481,122167296
1562010482,122167296
1562010483,122167296
1562010484,122167296
1562010485,122167296
1562010487,122167296
1562010488,122167296
1562010489,122167296
1562010490,122167296
1562010491,122167296
1562010492,122167296
1562010493,122167296
1562010494,122167296
1562010495,122167296
1562010496,122167296
1562010497,122167296
1562010498,122167296
1562010499,122167296
1562010500,122167296
1562010501,122167296
1562010502,122167296
1562010503,122167296
1562010504,122167296
1562010505,122167296
1562010506,122167296
1562010507,122167296
1562010508,122167296
1562010509,122167296
1562010510,122167296
1562010511,122167296
1562010512,122167296
1562010513,122167296
1562010514,122167296
1562010515,122167296
1562010516,122167296
1562010517,122167296
1562010518,122167296
1562010519,122167296
1562010520,122167296
1562010521,122167296
1562010522,122167296
1562010523,122167296
1562010524,122167296
1562010525,122167296
1562010526,122167296
1562010527,122167296
1562010528,122167296
1562010529,122167296
1562010530,122167296
1562010531,122167296
1562010532,122167296
1562010533,122167296
1562010534,122167296
1562010535,122167296
1562010536,122167296
1562010537,122167296
1562010538,122167296
1562010539,122167296
1562010540,122167296
1562010541,122167296
1562010542,122167296
1562010543,122167296
1562010544,122167296
1562010545,122167296
1562010546,122167296
1562010547,122167296
1562010548,122167296
1562010549,122167296
1562010550,122167296
1562010551,122167296
1562010552,122167296
1562010553,122167296
1562010554,122167296
1562010555,122167296
1562010556,122167296
1562010557,122167296
1562010558,122167296
1562010559,122167296
1562010560,122167296
1562010561,122167296
1562010562,122167296
1562010563,122167296
1562010564,122167296
1562010565,122167296
1562010566,122167296
1562010567,122167296
1562010568,122167296
1562010569,122167296
1562010570,122167296
1562010571,122167296
1562010572,122167296
1562010573,122167296
1562010574,122167296
1562010575,122167296
1562010576,122167296
1562010577,122167296
1562010578,122167296
1562010579,122167296
1562010580,122167296
1562010581,122167296
1562010582,122167296
1562010583,122167296
1562010584,122167296
1562010585,122167296
1562010586,122167296
1562010587,122167296
1562010588,122167296
1562010589,122167296
1562010590,122167296
1562010591,122167296
1562010592,122167296
1562010593,122167296
1562010594,122167296
1562010595,122167296
1562010596,122167296
1562010597,122167296
1562010598,122167296
1562010599,122167296
1562010600,122167296
1562010601,122167296
1562010602,122167296
1562010603,122167296
1562010604,122167296
1562010605,122167296
1562010606,122167296
1562010607,122167296
1562010608,122167296
1562010609,122167296
1562010610,122167296
1562010611,122167296
1562010612,122167296
1562010613,122167296
1562010614,122167296
1562010615,122167296
1562010616,122167296
1562010617,122167296
1562010618,122167296
1562010619,122167296
1562010620,122167296
1562010621,122167296
1562010622,122167296
1562010623,122167296
1562010624,122167296
1562010625,122167296
1562010626,122167296
1562010627,122167296
1562010628,122167296
1562010629,122167296
1562010630,122167296
1562010631,122167296
1562010632,122167296
1562010633,122167296
1562010634,122167296
1562010635,122167296
1562010636,122167296
1562010637,122167296
1562010638,122167296
1562010639,122167296
1562010640,122167296
1562010641,122167296
1562010642,122167296
1562010643,122167296
1562010644,122167296
1562010645,122167296
1562010646,122167296
1562010647,122167296
1562010648,122167296
1562010649,122167296
1562010650,122167296
1562010651,122167296
1562010652,122167296
1562010653,122167296
1562010654,122167296
1562010655,122167296
1562010656,122167296
1562010657,122167296
1562010658,122167296
1562010659,122167296
1562010660,122167296
1562010661,122167296
1562010662,122167296
1562010663,122167296
1562010664,122167296
1562010665,122167296
1562010666,122167296
1562010667,122167296
1562010668,122167296
1562010669,122167296
1562010670,122167296
1562010671,122167296
1562010672,122167296
1562010673,122167296
1562010674,122167296
1562010675,122167296
1562010676,122167296
1562010677,122167296
1562010678,122167296
1562010679,122167296
1562010680,122167296
1562010681,122167296
1562010682,122167296
1562010683,122167296
1562010684,122167296
1562010685,122167296
1562010686,122167296
1562010687,122167296
1562010688,122167296
1562010689,122167296
1562010690,122167296
1562010691,122167296
1562010692,122167296
1562010693,122167296
1562010694,122167296
1562010695,122167296
1562010696,122167296
1562010697,122167296
1562010698,122167296
1562010699,122167296
1562010700,122167296
1562010701,122167296
1562010702,122167296
1562010703,122167296
1562010704,122167296
1562010705,122167296
1562010706,122167296
1562010707,122167296
1562010708,122167296
1562010709,122167296
1562010710,122167296
1562010711,122167296
1562010712,122167296
1562010713,122167296
1562010714,122167296
1562010715,122167296
1562010716,122167296
1562010717,122167296
1562010718,122167296
1562010719,122167296
1562010720,122167296
1562010721,122167296
1562010722,122167296
1562010723,122167296
1562010724,122167296
1562010725,122167296
1562010726,122167296
1562010727,122167296
1562010728,122167296
1562010729,122167296
1562010730,122167296
1562010731,122167296
1562010732,122167296
1562010733,122167296
1562010734,122167296
1562010735,122167296
1562010736,122167296
1562010737,122167296
1562010738,122167296
1562010739,122167296
1562010740,122167296
1562010741,122167296
1562010742,122167296
1562010743,122167296
1562010744,122167296
1562010745,122167296
1562010746,122167296
1562010747,122167296
1562010748,122167296
1562010749,122167296
1562010750,122167296
1562010751,122167296
1562010752,122167296
1562010753,122167296
1562010754,122167296
1562010755,122167296
1562010756,122167296
1562010757,122167296
1562010758,122167296
1562010759,122167296
1562010760,122167296
1562010761,122167296
1562010762,122167296
1562010763,122167296
1562010764,122167296
1562010765,122167296
1562010766,122167296
1562010767,122167296
1562010768,122167296
1562010769,122167296
1562010770,122167296
1562010771,122167296
1562010772,122167296
1562010773,122167296
1562010774,122167296
1562010775,122167296
1562010776,122167296
1562010777,122167296
1562010778,122167296
1562010779,122167296
1562010780,122167296
1562010781,122167296
1562010782,122167296
1562010783,122167296
1562010784,122167296
1562010785,122167296
1562010786,122167296
1562010787,122167296
1562010788,122167296
1562010789,122167296
1562010790,122167296
1562010791,122167296
1562010792,122167296
1562010793,122167296
1562010794,122167296
1562010795,122167296
1562010796,122167296
1562010797,122167296
1562010798,122167296
1562010799,122167296
1562010800,122167296
1562010801,122167296
1562010802,122167296
1562010803,122167296
1562010804,122167296
1562010805,122167296
1562010806,122167296
1562010807,122167296
1562010808,122167296
1562010809,122167296
1562010810,122167296
1562010811,122167296
1562010812,122167296
1562010813,122167296
1562010814,122167296
1562010815,122167296
1562010816,122167296
1562010817,122167296
1562010818,122167296
1562010819,122167296
1562010820,122167296
1562010821,122167296
1562010822,122167296
1562010823,122167296
1562010824,122167296
1562010825,122167296
1562010826,122167296
1562010827,122167296
1562010828,122167296
1562010829,122167296
1562010830,122167296
1562010831,122167296
1562010832,122167296
1562010833,122167296
1562010834,122167296
1562010835,122167296
1562010836,122167296
1562010837,122167296
1562010838,122167296
1562010839,122167296
1562010840,122167296
1562010841,122167296
1562010842,122167296
1562010843,122167296
1562010844,122167296
1562010845,122167296
1562010846,122167296
1562010847,122167296
1562010848,122167296
1562010849,122167296
1562010850,122167296
1562010851,122167296
1562010852,122167296
1562010853,122167296
1562010854,122167296
1562010855,122167296
1562010856,122167296
1562010857,122167296
1562010858,122167296
1562010859,122167296
1562010860,122167296
1562010861,122167296
1562010862,122167296
1562010863,122167296
1562010864,122167296
1562010865,122167296
1562010866,122167296
1562010867,122167296
1562010868,122167296
1562010869,122167296
1562010870,122167296
1562010871,122167296
1562010872,122167296
1562010873,122167296
1562010874,122167296
1562010875,122167296
1562010876,122167296
1562010877,122167296
1562010878,122167296
1562010879,122167296
1562010880,122167296
1562010881,122167296
1562010882,122167296
1562010883,122167296
1562010884,122167296
1562010885,122167296
1562010886,122167296
1562010887,122167296
1562010888,122167296
1562010889,122167296
1562010890,122167296
1562010891,122167296
1562010892,122167296
1562010893,122167296
1562010894,122167296
1562010895,122167296
1562010896,122167296
1562010897,122167296
1562010898,122167296
1562010899,122167296
1562010900,122167296
1562010901,122167296
1562010902,122167296
1562010903,122167296
1562010904,122167296
1562010905,122167296
1562010906,122167296
1562010907,122167296
1562010908,122167296
1562010909,122167296
1562010910,122167296
1562010911,122167296
1562010912,122167296
1562010913,122167296
1562010914,122167296
1562010915,122167296
1562010916,122167296
1562010917,122167296
1562010918,122167296
1562010919,122167296
1562010920,122167296
1562010921,122167296
1562010922,122167296
1562010923,122167296
1562010924,122167296
1562010925,122167296
1562010926,122167296
1562010927,122167296
1562010928,122167296
1562010929,122167296
1562010930,122167296
1562010931,122167296
1562010932,122167296
1562010933,122167296
1562010934,122167296
1562010935,122167296
1562010936,122167296
1562010937,122167296
1562010938,122167296
1562010939,122167296
1562010940,122167296
1562010941,122167296
1562010942,122167296
1562010943,122167296
1562010944,122167296
1562010945,122167296
1562010946,122167296
1562010947,122167296
1562010948,122167296
1562010949,122167296
1562010950,122167296
1562010951,122167296
1562010952,122167296
1562010953,122167296
1562010954,122167296
1562010955,122167296
1562010956,122167296
1562010957,122167296
1562010958,122167296
1562010959,122167296
1562010960,122167296
1562010961,122167296
1562010962,122167296
1562010963,122167296
1562010964,122167296
1562010965,122167296
1562010966,122167296
1562010967,122167296
1562010968,122167296
1562010969,122167296
1562010970,122167296
1562010971,122167296
1562010972,122167296
1562010973,122167296
1562010974,122167296
1562010975,122167296
1562010976,122167296
1562010977,122167296
1562010978,122167296
1562010979,122167296
1562010980,122167296
1562010981,122167296
1562010982,122167296
1562010983,122167296
1562010984,122167296
1562010985,122167296
1562010986,122167296
1562010987,122167296
1562010988,122167296
1562010989,122167296
1562010990,122167296
1562010991,122167296
1562010992,122167296
1562010993,122167296
1562010994,122167296
1562010995,122167296
1562010996,122167296
1562010997,122167296
1562010998,122167296
1562010999,122167296
1562011000,122167296
1562011001,122167296
1562011002,122167296
1562011003,122167296
1562011004,122167296
1562011005,122167296
1562011006,122167296
1562011007,122167296
1562011008,122167296
1562011009,122167296
1562011010,122167296
1562011011,122167296
1562011012,122167296
1562011013,122167296
1562011014,122167296
1562011015,122167296
1562011016,122167296
1562011017,122167296
1562011018,122167296
1562011019,122167296
1562011020,122167296
1562011021,122167296
1562011022,122167296
1562011023,122167296
1562011024,122167296
1562011025,122167296
1562011026,122167296
1562011027,122167296
1562011028,122167296
1562011029,122167296
1562011030,122167296
1562011031,122167296
1562011032,122167296
1562011033,122167296
1562011034,122167296
1562011035,122167296
1562011036,122167296
1562011037,122167296
1562011038,122167296
1562011039,122167296
1562011040,122167296
1562011041,122167296
1562011042,122167296
1562011043,122167296
1562011044,122167296
1562011045,122167296
1562011046,122167296
1562011047,122167296
1562011048,122167296
1562011049,122167296
1562011050,122167296
1562011051,122167296
1562011052,122167296
1562011053,122167296
1562011054,122167296
1562011055,122167296
1562011056,122167296
1562011057,122167296
1562011058,122167296
1562011059,122167296
1562011060,122167296
1562011061,122167296
1562011062,122167296
1562011063,122167296
1562011064,122167296
1562011065,122167296
1562011066,122167296
1562011067,122167296
1562011068,122167296
1562011069,122167296
1562011070,122167296
1562011071,122167296
1562011072,122167296
1562011073,122167296
1562011074,122167296
1562011075,122167296
1562011076,122167296
1562011077,122167296
1562011078,122167296
1562011079,122167296
1562011080,122167296
1562011081,122167296
1562011082,122167296
1562011083,122167296
1562011084,122167296
1562011085,122167296
1562011086,122167296
1562011087,122167296
1562011088,122167296
1562011089,122167296
1562011090,122167296
1562011091,122167296
1562011092,122167296
1562011093,122167296
1562011094,122167296
1562011095,122167296
1562011096,122167296
1562011097,122167296
1562011098,122167296
1562011099,122167296
1562011100,122167296
1562011101,122167296
1562011102,122167296
1562011103,122167296
1562011104,122167296
1562011105,122167296
1562011106,122167296
1562011107,122167296
1562011108,122167296
1562011109,122167296
1562011110,122167296
1562011111,122167296
1562011112,122167296
1562011113,122167296
1562011114,122167296
1562011115,122167296
1562011116,122167296
1562011117,122167296
1562011118,122167296
1562011119,122167296
1562011120,122167296
1562011121,122167296
1562011122,122167296
1562011123,122167296
1562011124,122167296
1562011125,122167296
1562011126,122167296
1562011127,122167296
1562011128,122167296
1562011129,122167296
1562011130,122167296
1562011131,122167296
1562011132,122167296
1562011133,122167296
1562011134,122167296
1562011135,122167296
1562011136,122167296
1562011137,122167296
1562011138,122167296
1562011139,122167296
1562011140,122167296
1562011141,122167296
1562011142,122167296
1562011143,122167296
1562011144,122167296
1562011145,122167296
1562011146,122167296
1562011147,122167296
1562011148,122167296
1562011149,122167296
1562011150,122167296
1562011151,122167296
1562011152,122167296
1562011153,122167296
1562011154,122167296
1562011155,122167296
1562011156,122167296
1562011157,122167296
1562011158,122167296
1562011159,122167296
1562011160,122167296
1562011161,122167296
1562011162,122167296
1562011163,122167296
1562011164,122167296
1562011165,122167296
1562011166,122167296
1562011167,122167296
1562011168,122167296
1562011169,122167296
1562011170,122167296
1562011171,122167296
1562011172,122167296
1562011173,122167296
1562011174,122167296
1562011175,122167296
1562011176,122167296
1562011177,122167296
1562011178,122167296
1562011179,122167296
1562011180,122167296
1562011181,122167296
1562011182,122167296
1562011183,122167296
1562011184,122167296
1562011185,122167296
1562011186,122167296
1562011187,122167296
1562011188,122167296
1562011189,122167296
1562011190,122167296
1562011191,122167296
1562011192,122167296
1562011193,122167296
1562011194,122167296
1562011195,122167296
1562011196,122167296
1562011197,122167296
1562011198,122167296
1562011199,122167296
1562011200,122167296
1562011201,122167296
1562011202,122167296
1562011203,122167296
1562011204,122167296
1562011205,122167296
1562011206,122167296
1562011207,122167296
1562011208,122167296
1562011209,122167296
1562011210,122167296
1562011211,122167296
1562011212,122167296
1562011213,122167296
1562011214,122167296
1562011215,122167296
1562011216,122167296
1562011217,122167296
1562011218,122167296
1562011219,122167296
1562011220,122167296
1562011221,122167296
1562011222,122167296
1562011223,122167296
1562011224,122167296
1562011225,122167296
1562011226,122167296
1562011227,122167296
1562011228,122167296
1562011229,122167296
1562011230,122167296
1562011231,122167296
1562011232,122167296
1562011233,122167296
1562011234,122167296
1562011235,122167296
1562011236,122167296
1562011237,122167296
1562011238,122167296
1562011239,122167296
1562011240,122167296
1562011241,122167296
1562011242,122167296
1562011243,122167296
1562011244,122167296
1562011245,122167296
1562011246,122167296
1562011247,122167296
1562011248,122167296
1562011249,122167296
1562011250,122167296
1562011251,122167296
1562011252,122167296
1562011253,122167296
1562011254,122167296
1562011255,122167296
1562011256,122167296
1562011257,122167296
1562011258,122167296
1562011259,122167296
1562011260,122167296
1562011261,122167296
1562011262,122167296
1562011263,122167296
1562011264,122167296
1562011265,122167296
1562011266,122167296
1562011267,122167296
1562011268,122167296
1562011269,122167296
1562011270,122167296
1562011271,122167296
1562011272,122167296
1562011273,122167296
1562011274,122167296
1562011275,122167296
1562011276,122167296
1562011277,122167296
1562011278,122167296
1562011279,122167296
1562011280,122167296
1562011281,122167296
1562011282,122167296
1562011283,122167296
1562011284,122167296
1562011285,122167296
1562011286,122167296
1562011287,122167296
1562011288,122167296
1562011289,122167296
1562011290,122167296
1562011291,122167296
1562011292,122167296
1562011293,122167296
1562011294,122167296
1562011295,122167296
1562011296,122167296
1562011297,122167296
1562011298,122167296
1562011299,122167296
1562011300,122167296
1562011301,122167296
1562011302,122167296
1562011303,122167296
1562011304,122167296
1562011305,122167296
1562011306,122167296
1562011307,122167296
1562011308,122167296
1562011309,122167296
1562011310,122167296
1562011311,122167296
1562011312,122167296
1562011313,122167296
1562011314,122167296
1562011315,122167296
1562011316,122167296
1562011317,122167296
1562011318,122167296
1562011319,122167296
1562011320,122167296
1562011321,122167296
1562011322,122167296
1562011323,122167296
1562011324,122167296
1562011325,122167296
1562011326,122167296
1562011327,122167296
1562011328,122167296
1562011329,122167296
1562011330,122167296
1562011331,122167296
1562011332,122167296
1562011333,122167296
1562011334,122167296
1562011335,122167296
1562011336,122167296
1562011337,122167296
1562011338,122167296
1562011339,122167296
1562011340,122167296
1562011341,122167296
1562011342,122167296
1562011343,122167296
1562011344,122167296
1562011345,122167296
1562011346,122167296
1562011347,122167296
1562011348,122167296
1562011349,122167296
1562011350,122167296
1562011351,122167296
1562011352,122167296
1562011353,122167296
1562011354,122167296
1562011355,122167296
1562011356,122167296
1562011357,122167296
1562011358,122167296
1562011359,122167296
1562011360,122167296
1562011361,122167296
1562011362,122167296
1562011363,122167296
1562011364,122167296
1562011365,122167296
1562011366,122167296
1562011367,122167296
1562011368,122167296
1562011369,122167296
1562011370,122167296
1562011371,122167296
1562011372,122167296
1562011373,122167296
1562011374,122167296
1562011375,122167296
1562011376,122167296
1562011377,122167296
1562011378,122167296
1562011379,122167296
1562011380,122167296
1562011381,122167296
1562011382,122167296
1562011383,122167296
1562011384,122167296
1562011385,122167296
1562011386,122167296
1562011387,122167296
1562011388,122167296
1562011389,122167296
1562011390,122167296
1562011391,122167296
1562011392,122167296
1562011393,122167296
1562011394,122167296
1562011395,122167296
1562011396,122167296
1562011397,122167296
1562011398,122167296
1562011399,122167296
1562011400,122167296
1562011401,122167296
1562011402,122167296
1562011403,122167296
1562011404,122167296
1562011405,122167296
1562011406,122167296
1562011407,122167296
1562011408,122167296
1562011409,122167296
1562011410,122167296
1562011411,122167296
1562011412,122167296
1562011413,122167296
1562011414,122167296
1562011415,122167296
1562011416,122167296
1562011417,122167296
1562011418,122167296
1562011419,122167296
1562011420,122167296
1562011421,122167296
1562011422,122167296
1562011423,122167296
1562011424,122167296
1562011425,122167296
1562011426,122167296
1562011427,122167296
1562011428,122167296
1562011429,122167296
1562011430,122167296
1562011431,122167296
1562011432,122167296
1562011433,122167296
1562011434,122167296
1562011435,122167296
1562011436,122167296
1562011437,122167296
1562011438,122167296
1562011439,122167296
1562011440,122167296
1562011441,122167296
1562011442,122167296
1562011443,122167296
1562011444,122167296
1562011445,122167296
1562011446,122167296
1562011447,122167296
1562011448,122167296
1562011449,122167296
1562011450,122167296
1562011451,122167296
1562011452,122167296
1562011453,122167296
1562011454,122167296
1562011455,122167296
1562011456,122167296
1562011457,122167296
1562011458,122167296
1562011459,122167296
1562011460,122167296
1562011461,122167296
1562011462,122167296
1562011463,122167296
1562011464,122167296
1562011465,122167296
1562011466,122167296
1562011467,122167296
1562011468,122167296
1562011469,122167296
1562011470,122167296
1562011471,122167296
1562011472,122167296
1562011473,122167296
1562011474,122167296
1562011475,122167296
1562011476,122167296
1562011477,122167296
1562011478,122167296
1562011479,122167296
1562011480,122167296
1562011481,122167296
1562011482,122167296
1562011483,122167296
1562011484,122167296
1562011485,122167296
1562011486,122167296
1562011487,122167296
1562011488,122167296
1562011489,122167296
1562011490,122167296
1562011491,122167296
1562011492,122167296
1562011493,122167296
1562011494,122167296
1562011495,122167296
1562011496,122167296
1562011497,122167296
1562011498,122167296
1562011499,122167296
1562011500,122167296
1562011501,122167296
1562011502,122167296
1562011503,122167296
1562011504,122167296
1562011505,122167296
1562011506,122167296
1562011507,122167296
1562011508,122167296
1562011509,122167296
1562011510,122167296
1562011511,122167296
1562011512,122167296
1562011513,122167296
1562011514,122167296
1562011515,122167296
1562011516,122167296
1562011517,122167296
1562011518,122167296
1562011519,122167296
1562011520,122167296
1562011521,122167296
1562011522,122167296
1562011523,122167296
1562011524,122167296
1562011525,122167296
1562011526,122167296
1562011527,122167296
1562011528,122167296
1562011529,122167296
1562011530,122167296
1562011531,122167296
1562011532,122167296
1562011533,122167296
1562011534,122167296
1562011535,122167296
1562011536,122167296
1562011537,122167296
1562011538,122167296
1562011539,122167296
1562011540,122167296
1562011541,122167296
1562011542,122167296
1562011543,122167296
1562011544,122167296
1562011545,122167296
1562011546,122167296
1562011547,122167296
1562011548,122167296
1562011549,122167296
1562011550,122167296
1562011551,122167296
1562011552,122167296
1562011553,122167296
1562011554,122167296
1562011555,122167296
1562011556,122167296
1562011557,122167296
1562011558,122167296
1562011559,122167296
1562011560,122167296
1562011561,122167296
1562011562,122167296
1562011563,122167296
1562011564,122167296
1562011565,122167296
1562011566,122167296
1562011567,122167296
1562011568,122167296
1562011569,122167296
1562011570,122167296
1562011571,122167296
1562011572,122167296
1562011573,122167296
1562011574,122167296
1562011575,122167296
1562011576,122167296
1562011577,122167296
1562011578,122167296
1562011579,122167296
1562011580,122167296
1562011581,122167296
1562011582,122167296
1562011583,122167296
1562011584,122167296
1562011585,122167296
1562011586,122167296
1562011587,122167296
1562011588,122167296
1562011589,122167296
1562011590,122167296
1562011591,122167296
1562011592,122167296
1562011593,122167296
1562011594,122167296
1562011595,122167296
1562011596,122167296
1562011597,122167296
1562011598,122167296
1562011599,122167296
1562011600,122167296
1562011601,122167296
1562011602,122167296
1562011603,122167296
1562011604,122167296
1562011605,122167296
1562011606,122167296
1562011607,122167296
1562011608,122167296
1562011609,122167296
1562011610,122167296
1562011611,122167296
1562011612,122167296
1562011613,122167296
1562011614,122167296
1562011615,122167296
1562011616,122167296
1562011617,122167296
1562011618,121683968
1562011619,121683968
1562011620,121683968
1562011621,121683968
1562011622,121683968
1562011623,121683968
1562011624,122224640
1562011625,122224640
1562011626,122224640
1562011627,122224640
1562011628,122224640
1562011629,122224640
1562011630,122224640
1562011631,122224640
1562011632,122224640
1562011633,122224640
1562011634,122224640
1562011635,122224640
1562011636,122224640
1562011637,122224640
1562011638,122224640
1562011639,122224640
1562011640,122224640
1562011641,122224640
1562011642,122224640
1562011643,122224640
1562011644,122224640
1562011645,122224640
1562011646,122224640
1562011647,122224640
1562011648,122224640
1562011649,122224640
1562011650,122224640
1562011651,122224640
1562011652,122224640
1562011653,122224640
1562011654,122224640
1562011655,122224640
1562011656,122224640
1562011657,122224640
1562011658,122224640
1562011659,122224640
1562011660,122224640
1562011661,122224640
1562011662,122224640
1562011663,122224640
1562011664,122224640
1562011665,122224640
1562011666,122224640
1562011667,122224640
1562011668,122224640
1562011669,122224640
1562011670,122224640
1562011671,122224640
1562011672,122224640
1562011673,122224640
1562011674,122224640
1562011675,122224640
1562011676,122224640
1562011677,122224640
1562011678,122224640
1562011679,122224640
1562011680,122224640
1562011681,122224640
1562011682,122224640
1562011683,122224640
1562011684,122224640
1562011685,122224640
1562011686,122224640
1562011687,122224640
1562011688,122224640
1562011689,122224640
1562011690,122224640
1562011691,122224640
1562011692,122224640
1562011693,122224640
1562011694,122224640
1562011695,122224640
1562011696,122224640
1562011697,122224640
1562011698,122224640
1562011699,122224640
1562011700,122224640
1562011701,122224640
1562011702,122224640
1562011703,122224640
1562011704,122224640
1562011705,122224640
1562011706,122224640
1562011707,122224640
1562011708,122224640
1562011709,122224640
1562011710,122224640
1562011711,122224640
1562011712,122224640
1562011713,122224640
1562011714,122224640
1562011715,122224640
1562011716,122224640
1562011717,122224640
1562011718,122224640
1562011719,122224640
1562011720,122224640
1562011721,122224640
1562011722,122224640
1562011723,122224640
1562011724,122224640
1562011725,122224640
1562011726,122224640
1562011727,122224640
1562011728,122224640
1562011729,122224640
1562011730,122224640
1562011731,122224640
1562011732,122224640
1562011733,122224640
1562011734,122224640
1562011735,122224640
1562011736,122224640
1562011737,122224640
1562011738,122224640
1562011739,122224640
1562011740,122224640
1562011741,122224640
1562011742,122224640
1562011743,122224640
1562011744,122224640
1562011745,122224640
1562011746,122224640
1562011747,122224640
1562011748,122224640
1562011749,122224640
1562011750,122224640
1562011751,122224640
1562011752,122224640
1562011753,122224640
1562011754,122224640
1562011755,122224640
1562011756,122224640
1562011757,122224640
1562011758,122224640
1562011759,122224640
1562011760,122224640
1562011761,122224640
1562011762,122224640
1562011763,122224640
1562011764,122224640
1562011765,122224640
1562011766,122224640
1562011767,122224640
1562011768,122224640
1562011769,122224640
1562011770,122224640
1562011771,122224640
1562011772,122224640
1562011773,122224640
1562011774,122224640
1562011775,122224640
1562011776,122224640
1562011777,122224640
1562011778,122224640
1562011779,122224640
1562011780,122224640
1562011781,122224640
1562011782,122224640
1562011783,122224640
1562011784,122224640
1562011785,122224640
1562011786,122224640
1562011787,122224640
1562011788,122224640
1562011789,122224640
1562011790,122224640
1562011791,122224640
1562011792,122224640
1562011793,122224640
1562011794,122224640
1562011795,122224640
1562011796,122224640
1562011797,122224640
1562011798,122224640
1562011799,122224640
1562011800,122224640
1562011801,122224640
1562011802,122224640
1562011803,122224640
1562011804,122224640
1562011805,122224640
1562011806,122224640
1562011807,122224640
1562011808,122224640
1562011809,122224640
1562011810,122224640
1562011811,122224640
1562011812,122224640
1562011813,122224640
1562011814,122224640
1562011815,122224640
1562011816,122224640
1562011817,122224640
1562011818,122224640
1562011819,122224640
1562011820,122224640
1562011821,122224640
1562011822,122224640
1562011823,122224640
1562011824,122224640
1562011825,122224640
1562011826,122224640
1562011827,122224640
1562011828,122224640
1562011829,122224640
1562011830,122224640
1562011831,122224640
1562011832,122224640
1562011833,122224640
1562011834,122224640
1562011835,122224640
1562011836,122224640
1562011837,122224640
1562011838,122224640
1562011839,122224640
1562011840,122224640
1562011841,122224640
1562011842,122224640
1562011843,122224640
1562011844,122224640
1562011845,122224640
1562011846,122224640
1562011847,122224640
1562011848,122224640
1562011849,122224640
1562011850,122224640
1562011851,122224640
1562011852,122224640
1562011853,122224640
1562011854,122224640
1562011855,122224640
1562011856,122224640
1562011857,122224640
1562011858,122224640
1562011859,122224640
1562011860,122224640
1562011861,122224640
1562011862,122224640
1562011863,122224640
1562011864,122224640
1562011865,122224640
1562011866,122224640
1562011867,122224640
1562011868,122224640
1562011869,122224640
1562011870,122224640
1562011871,122224640
1562011872,122224640
1562011873,122224640
1562011874,122224640
1562011875,122224640
1562011876,122224640
1562011877,122224640
1562011878,122224640
1562011879,122224640
1562011880,122224640
1562011881,122224640
1562011882,122224640
1562011883,122224640
1562011884,122224640
1562011885,122224640
1562011886,122224640
1562011887,122224640
1562011888,122224640
1562011889,122224640
1562011890,122224640
1562011891,122224640
1562011892,122224640
1562011893,122224640
1562011894,122224640
1562011895,122224640
1562011896,122224640
1562011897,122224640
1562011898,122224640
1562011899,122224640
1562011900,122224640
1562011901,122224640
1562011902,122224640
1562011903,122224640
1562011904,122224640
1562011905,122224640
1562011906,122224640
1562011907,122224640
1562011908,122224640
1562011909,122224640
1562011910,122224640
1562011911,122224640
1562011912,122224640
1562011913,122224640
1562011914,122224640
1562011915,122224640
1562011916,122224640
1562011917,122224640
1562011918,122224640
1562011919,122224640
1562011920,122224640
1562011921,122224640
1562011922,122224640
1562011923,122224640
1562011924,122224640
1562011925,122224640
1562011926,122224640
1562011927,122224640
1562011928,122224640
1562011929,122224640
1562011930,122224640
1562011931,122224640
1562011932,122224640
1562011933,122224640
1562011934,122224640
1562011935,122224640
1562011936,122224640
1562011937,122224640
1562011938,122224640
1562011939,122224640
1562011940,122224640
1562011941,122224640
1562011942,122224640
1562011943,122224640
1562011944,122224640
1562011945,122224640
1562011946,122224640
1562011947,122224640
1562011948,122224640
1562011949,122224640
1562011950,122224640
1562011951,122224640
1562011952,122224640
1562011953,122224640
1562011954,122224640
1562011955,122224640
1562011956,122224640
1562011957,122224640
1562011958,122224640
1562011959,122224640
1562011960,122224640
1562011961,122224640
1562011962,122224640
1562011963,122224640
1562011964,122224640
1562011965,122224640
1562011966,122224640
1562011967,122224640
1562011968,122224640
1562011969,122224640
1562011970,122224640
1562011971,122224640
1562011972,122224640
1562011973,122224640
1562011974,122224640
1562011975,122224640
1562011976,122224640
1562011977,122224640
1562011978,122224640
1562011979,122224640
1562011980,122224640
1562011981,122224640
1562011982,122224640
1562011983,122224640
1562011984,122224640
1562011985,122224640
1562011986,122224640
1562011987,122224640
1562011988,122224640
1562011989,122224640
1562011990,122224640
1562011991,122224640
1562011992,122224640
1562011993,122224640
1562011994,122224640
1562011995,122224640
1562011996,122224640
1562011997,122224640
1562011998,122224640
1562011999,122224640
1562012000,122224640
1562012001,122224640
1562012002,122224640
1562012003,122224640
1562012004,122224640
1562012005,122224640
1562012006,122224640
1562012007,122224640
1562012008,122224640
1562012009,122224640
1562012010,122224640
1562012011,122224640
1562012012,122224640
1562012013,122224640
1562012014,122224640
1562012015,122224640
1562012016,122224640
1562012017,122224640
1562012018,122224640
1562012019,122224640
1562012020,122224640
1562012021,122224640
1562012022,122224640
1562012023,122224640
1562012024,122224640
1562012025,122224640
1562012026,122224640
1562012027,122224640
1562012028,122224640
1562012029,122224640
1562012030,122224640
1562012031,122224640
1562012032,122224640
1562012033,122224640
1562012034,122224640
1562012035,122224640
1562012036,122224640
1562012037,122224640
1562012038,122224640
1562012039,122224640
1562012040,122224640
1562012041,122224640
1562012042,122224640
1562012043,122224640
1562012044,122224640
1562012045,122224640
1562012046,122224640
1562012047,122224640
1562012048,122224640
1562012049,122224640
1562012050,122224640
1562012051,122224640
1562012052,122224640
1562012053,122224640
1562012054,122224640
1562012055,122224640
1562012056,122224640
1562012057,122224640
1562012059,122224640
1562012060,122224640
1562012061,122224640
1562012062,122224640
1562012063,122224640
1562012064,122224640
1562012065,122224640
1562012066,122224640
1562012067,122224640
1562012068,122224640
1562012069,122224640
1562012070,122224640
1562012071,122224640
1562012072,122224640
1562012073,122224640
1562012074,122224640
1562012075,122224640
1562012076,122224640
1562012077,122224640
1562012078,122224640
1562012079,122224640
1562012080,122224640
1562012081,122224640
1562012082,122224640
1562012083,122224640
1562012084,122224640
1562012085,122224640
1562012086,122224640
1562012087,122224640
1562012088,122224640
1562012089,122224640
1562012090,122224640
1562012091,122224640
1562012092,122224640
1562012093,122224640
1562012094,122224640
1562012095,122224640
1562012096,122224640
1562012097,122224640
1562012098,122224640
1562012099,122224640
1562012100,122224640
1562012101,122224640
1562012102,122224640
1562012103,122224640
1562012104,122224640
1562012105,122224640
1562012106,122224640
1562012107,122224640
1562012108,122224640
1562012109,122224640
1562012110,122224640
1562012111,122224640
1562012112,122224640
1562012113,122224640
1562012114,122224640
1562012115,122224640
1562012116,122224640
1562012117,122224640
1562012118,122224640
1562012119,122224640
1562012120,122224640
1562012121,122224640
1562012122,122224640
1562012123,122224640
1562012124,122224640
1562012125,122224640
1562012126,122224640
1562012127,122224640
1562012128,122224640
1562012129,122224640
1562012130,122224640
1562012131,122224640
1562012132,122224640
1562012133,122224640
1562012134,122224640
1562012135,122224640
1562012136,122224640
1562012137,122224640
1562012138,122224640
1562012139,122224640
1562012140,122224640
1562012141,122224640
1562012142,122224640
1562012143,122224640
1562012144,122224640
1562012145,122224640
1562012146,122224640
1562012147,122224640
1562012148,122224640
1562012149,122224640
1562012150,122224640
1562012151,122224640
1562012152,122224640
1562012153,122224640
1562012154,122224640
1562012155,122224640
1562012156,122224640
1562012157,122224640
1562012158,122224640
1562012159,122224640
1562012160,122224640
1562012161,122224640
1562012162,122224640
1562012163,122224640
1562012164,122224640
1562012165,122224640
1562012166,122224640
1562012167,122224640
1562012168,122224640
1562012169,122224640
1562012170,122224640
1562012171,122224640
1562012172,122224640
1562012173,122224640
1562012174,122224640
1562012175,122224640
1562012176,122224640
1562012177,122224640
1562012178,122224640
1562012179,122224640
1562012180,122224640
1562012181,122224640
1562012182,122224640
1562012183,122224640
1562012184,122224640
1562012185,122224640
1562012186,122224640
1562012187,122224640
1562012188,122224640
1562012189,122224640
1562012190,122224640
1562012191,122224640
1562012192,122224640
1562012193,122224640
1562012194,122224640
1562012195,122224640
1562012196,122224640
1562012197,122224640
1562012198,122224640
1562012199,122224640
1562012200,122224640
1562012201,122224640
1562012202,122224640
1562012203,122224640
1562012204,122224640
1562012205,122224640
1562012206,122224640
1562012207,122224640
1562012208,122224640
1562012209,122224640
1562012210,122224640
1562012211,122224640
1562012212,122224640
1562012213,122224640
1562012214,122224640
1562012215,122224640
1562012216,122224640
1562012217,122224640
1562012218,122224640
1562012219,122224640
1562012220,122224640
1562012221,122224640
1562012222,122224640
1562012223,122224640
1562012224,122224640
1562012225,122224640
1562012226,122224640
1562012227,122224640
1562012228,122224640
1562012229,122224640
1562012230,122224640
1562012231,122224640
1562012232,122224640
1562012233,122224640
1562012234,122224640
1562012235,122224640
1562012236,122224640
1562012237,122224640
1562012238,122224640
1562012239,122224640
1562012240,122224640
1562012241,122224640
1562012242,122224640
1562012243,122224640
1562012244,122224640
1562012245,122224640
1562012246,122224640
1562012247,122224640
1562012248,122224640
1562012249,122224640
1562012250,122224640
1562012251,122224640
1562012252,122224640
1562012253,122224640
1562012254,122224640
1562012255,122224640
1562012256,122224640
1562012257,122224640
1562012258,122224640
1562012259,122224640
1562012260,122224640
1562012261,122224640
1562012262,122224640
1562012263,122224640
1562012264,122224640
1562012265,122224640
1562012266,122224640
1562012267,122224640
1562012268,122224640
1562012269,122224640
1562012270,122224640
1562012271,122224640
1562012272,122224640
1562012273,122224640
1562012274,122224640
1562012275,122224640
1562012276,122224640
1562012277,122224640
1562012278,122224640
1562012279,122224640
1562012280,122224640
1562012281,122224640
1562012282,122224640
1562012283,122224640
1562012284,122224640
1562012285,122224640
1562012286,122224640
1562012287,122224640
1562012288,122224640
1562012289,122224640
1562012290,122224640
1562012291,122224640
1562012292,122224640
1562012293,122224640
1562012294,122224640
1562012295,122224640
1562012296,122224640
1562012297,122224640
1562012298,122224640
1562012299,122224640
1562012300,122224640
1562012301,122224640
1562012302,122224640
1562012303,122224640
1562012304,122224640
1562012305,122224640
1562012306,122224640
1562012307,122224640
1562012308,122224640
1562012309,122224640
1562012310,122224640
1562012311,122224640
1562012312,122224640
1562012313,122224640
1562012314,122224640
1562012315,122224640
1562012316,122224640
1562012317,122224640
1562012318,122224640
1562012319,122224640
1562012320,122224640
1562012321,122224640
1562012322,122224640
1562012323,122224640
1562012324,122224640
1562012325,122224640
1562012326,122224640
1562012327,122224640
1562012328,122224640
1562012329,122224640
1562012330,122224640
1562012331,122224640
1562012332,122224640
1562012333,122224640
1562012334,122224640
1562012335,122224640
1562012336,122224640
1562012337,122224640
1562012338,122224640
1562012339,122224640
1562012340,122224640
1562012341,122224640
1562012342,122224640
1562012343,122224640
1562012344,122224640
1562012345,122224640
1562012346,122224640
1562012347,122224640
1562012348,122224640
1562012349,122224640
1562012350,122224640
1562012351,122224640
1562012352,122224640
1562012353,122224640
1562012354,122224640
1562012355,122224640
1562012356,122224640
1562012357,122224640
1562012358,122224640
1562012359,122224640
1562012360,122224640
1562012361,122224640
1562012362,122224640
1562012363,122224640
1562012364,122224640
1562012365,122224640
1562012366,122224640
1562012367,122224640
1562012368,122224640
1562012369,122224640
1562012370,122224640
1562012371,122224640
1562012372,122224640
1562012373,122224640
1562012374,122224640
1562012375,122224640
1562012376,122224640
1562012377,122224640
1562012378,122224640
1562012379,122224640
1562012380,122224640
1562012381,122224640
1562012382,122224640
1562012383,122224640
1562012384,122224640
1562012385,122224640
1562012386,122224640
1562012387,122224640
1562012388,122224640
1562012389,122224640
1562012390,122224640
1562012391,122224640
1562012392,122224640
1562012393,122224640
1562012394,122224640
1562012395,122224640
1562012396,122224640
1562012397,122224640
1562012398,122224640
1562012399,122224640
1562012400,122224640
1562012401,122224640
1562012402,122224640
1562012403,122224640
1562012404,122224640
1562012405,122224640
1562012406,122224640
1562012407,122224640
1562012408,122224640
1562012409,122224640
1562012410,122224640
1562012411,122224640
1562012412,122224640
1562012413,122224640
1562012414,122224640
1562012415,122224640
1562012416,122224640
1562012417,122224640
1562012418,122224640
1562012419,122224640
1562012421,122224640
1562012422,122224640
1562012423,122224640
1562012424,122224640
1562012425,122224640
1562012426,122224640
1562012427,122224640
1562012428,122224640
1562012429,122224640
1562012430,122224640
1562012431,122224640
1562012432,122224640
1562012433,122224640
1562012434,122224640
1562012435,122224640
1562012436,122224640
1562012437,122224640
1562012438,122224640
1562012439,122224640
1562012440,122224640
1562012441,122224640
1562012442,122224640
1562012443,122224640
1562012444,122224640
1562012445,122224640
1562012446,122224640
1562012447,122224640
1562012448,122224640
1562012449,122224640
1562012450,122224640
1562012451,122224640
1562012452,122224640
1562012453,122224640
1562012454,122224640
1562012455,122224640
1562012456,122224640
1562012457,122224640
1562012458,122224640
1562012459,122224640
1562012460,122224640
1562012461,122224640
1562012462,122224640
1562012463,122224640
1562012464,122224640
1562012465,122224640
1562012466,122224640
1562012467,122224640
1562012468,122224640
1562012469,122224640
1562012470,122224640
1562012471,122224640
1562012472,122224640
1562012473,122224640
1562012474,122224640
1562012475,122224640
1562012476,122224640
1562012477,122224640
1562012478,122224640
1562012479,122224640
1562012480,122224640
1562012481,122224640
1562012482,122224640
1562012483,122224640
1562012484,122224640
1562012485,122224640
1562012486,122224640
1562012487,122224640
1562012488,122224640
1562012489,122224640
1562012490,122224640
1562012491,122224640
1562012492,122224640
1562012493,122224640
1562012494,122224640
1562012495,122224640
1562012496,122224640
1562012497,122224640
1562012498,122224640
1562012499,122224640
1562012500,122224640
1562012501,122224640
1562012502,122224640
1562012503,122224640
1562012504,122224640
1562012505,122224640
1562012506,122224640
1562012507,122224640
1562012508,122224640
1562012509,122224640
1562012510,122224640
1562012511,122224640
1562012512,122224640
1562012513,122224640
1562012514,122224640
1562012515,122224640
1562012516,122224640
1562012517,122224640
1562012518,122224640
1562012519,122224640
1562012520,122224640
1562012521,122224640
1562012522,122224640
1562012523,122224640
1562012524,122224640
1562012525,122224640
1562012526,122224640
1562012527,122224640
1562012528,122224640
1562012529,122224640
1562012530,122224640
1562012531,122224640
1562012532,122224640
1562012533,122224640
1562012534,122224640
1562012535,122224640
1562012536,122224640
1562012537,122224640
1562012538,122224640
1562012539,122224640
1562012540,122224640
1562012541,122224640
1562012542,122224640
1562012543,122224640
1562012544,122224640
1562012545,122224640
1562012546,122224640
1562012547,122224640
1562012548,122224640
1562012549,122224640
1562012550,122224640
1562012551,122224640
1562012552,122224640
1562012553,122224640
1562012554,122224640
1562012555,122224640
1562012556,122224640
1562012557,122224640
1562012558,122224640
1562012559,122224640
1562012560,122224640
1562012561,122224640
1562012562,122224640
1562012563,122224640
1562012564,122224640
1562012565,122224640
1562012566,122224640
1562012567,122224640
1562012568,122224640
1562012569,122224640
1562012570,122224640
1562012571,122224640
1562012572,122224640
1562012573,122224640
1562012574,122224640
1562012575,122224640
1562012576,122224640
1562012577,122224640
1562012578,122224640
1562012579,122224640
1562012580,122224640
1562012581,122224640
1562012582,122224640
1562012583,122224640
1562012584,122224640
1562012585,122224640
1562012586,122224640
1562012587,122224640
1562012588,122224640
1562012589,122224640
1562012590,122224640
1562012591,122224640
1562012592,122224640
1562012593,122224640
1562012594,122224640
1562012595,122224640
1562012596,122224640
1562012597,122224640
1562012598,122224640
1562012599,122224640
1562012600,122224640
1562012601,122224640
1562012602,122224640
1562012603,122224640
1562012604,122224640
1562012605,122224640
1562012606,122224640
1562012607,122224640
1562012608,122224640
1562012609,122224640
1562012610,122224640
1562012611,122224640
1562012612,122224640
1562012613,122224640
1562012614,122224640
1562012615,122224640
1562012616,122224640
1562012617,122224640
1562012618,122224640
1562012619,122224640
1562012620,122224640
1562012621,122224640
1562012622,122224640
1562012623,122224640
1562012624,122224640
1562012625,122224640
1562012626,122224640
1562012627,122224640
1562012628,122224640
1562012629,122224640
1562012630,122224640
1562012631,122224640
1562012632,122224640
1562012633,122224640
1562012634,122224640
1562012635,122224640
1562012636,122224640
1562012637,122224640
1562012638,122224640
1562012639,122224640
1562012640,122224640
1562012641,122224640
1562012642,122224640
1562012643,122224640
1562012644,122224640
1562012645,122224640
1562012646,122224640
1562012647,122224640
1562012648,122224640
1562012649,122224640
1562012650,122224640
1562012651,122224640
1562012652,122224640
1562012653,122224640
1562012654,122224640
1562012655,122224640
1562012656,122224640
1562012657,122224640
1562012658,122224640
1562012659,122224640
1562012660,122224640
1562012661,122224640
1562012662,122224640
1562012663,122224640
1562012664,122224640
1562012665,122224640
1562012666,122224640
1562012667,122224640
1562012668,122224640
1562012669,122224640
1562012670,122224640
1562012671,122224640
1562012672,122224640
1562012673,122224640
1562012674,122224640
1562012675,122224640
1562012676,122224640
1562012677,122224640
1562012678,122224640
1562012679,122224640
1562012680,122224640
1562012681,122224640
1562012682,122224640
1562012683,122224640
1562012684,122224640
1562012685,122224640
1562012686,122224640
1562012687,122224640
1562012688,122224640
1562012689,122224640
1562012690,122224640
1562012691,122224640
1562012692,122224640
1562012693,122224640
1562012694,122224640
1562012695,122224640
1562012696,122224640
1562012697,122224640
1562012698,122224640
1562012699,122224640
1562012700,122224640
1562012701,122224640
1562012702,122224640
1562012703,122224640
1562012704,122224640
1562012705,122224640
1562012706,122224640
1562012707,122224640
1562012708,122224640
1562012709,122224640
1562012710,122224640
1562012711,122224640
1562012712,122224640
1562012713,122224640
1562012714,122224640
1562012715,122224640
1562012716,122224640
1562012717,122224640
1562012718,122224640
1562012719,122224640
1562012720,122224640
1562012721,122224640
1562012722,122224640
1562012723,122224640
1562012724,122224640
1562012725,122224640
1562012726,122224640
1562012727,122224640
1562012728,122224640
1562012729,122224640
1562012730,122224640
1562012731,122224640
1562012732,122224640
1562012733,122224640
1562012734,122224640
1562012735,122224640
1562012736,122224640
1562012737,122224640
1562012738,122224640
1562012739,122224640
1562012740,122224640
1562012741,122224640
1562012742,122224640
1562012743,122224640
1562012744,122224640
1562012745,122224640
1562012746,122224640
1562012747,122224640
1562012748,122224640
1562012749,122224640
1562012750,122224640
1562012751,122224640
1562012752,122224640
1562012753,122224640
1562012754,122224640
1562012755,122224640
1562012756,122224640
1562012757,122224640
1562012758,122224640
1562012759,122224640
1562012760,122224640
1562012761,122224640
1562012762,122224640
1562012763,122224640
1562012764,122224640
1562012765,122224640
1562012766,122224640
1562012767,122224640
1562012768,122224640
1562012769,122224640
1562012770,122224640
1562012771,122224640
1562012772,122224640
1562012773,122224640
1562012774,122224640
1562012775,122224640
1562012776,122224640
1562012777,122224640
1562012778,122224640
1562012779,122224640
1562012780,122224640
1562012781,122224640
1562012782,122224640
1562012783,122224640
1562012784,122224640
1562012785,122224640
1562012786,122224640
1562012787,122224640
1562012788,122224640
1562012789,122224640
1562012790,122224640
1562012791,122224640
1562012792,122224640
1562012793,122224640
1562012794,122224640
1562012795,122224640
1562012796,122224640
1562012797,122224640
1562012798,122224640
1562012799,122224640
1562012800,122224640
1562012801,122224640
1562012802,122224640
1562012803,122224640
1562012804,122224640
1562012805,122224640
1562012806,122224640
1562012807,122224640
1562012808,122224640
1562012809,122224640
1562012810,122224640
1562012811,122224640
1562012812,122224640
1562012813,122224640
1562012814,122224640
1562012815,122224640
1562012816,122224640
1562012817,122224640
1562012818,122224640
1562012819,122224640
1562012820,122224640
1562012821,122224640
1562012822,122224640
1562012823,122224640
1562012824,122224640
1562012825,122224640
1562012826,122224640
1562012827,122224640
1562012828,122224640
1562012829,122224640
1562012830,122224640
1562012831,122224640
1562012832,122224640
1562012833,122224640
1562012834,122224640
1562012835,122224640
1562012836,122224640
1562012837,122224640
1562012838,122224640
1562012839,122224640
1562012840,122224640
1562012841,122224640
1562012842,122224640
1562012843,122224640
1562012844,122224640
1562012845,122224640
1562012846,122224640
1562012847,122224640
1562012848,122224640
1562012849,122224640
1562012850,122224640
1562012851,122224640
1562012852,122224640
1562012853,122224640
1562012854,122224640
1562012855,122224640
1562012856,122224640
1562012857,122224640
1562012858,122224640
1562012859,122224640
1562012860,122224640
1562012861,122224640
1562012862,122224640
1562012863,122224640
1562012864,122224640
1562012865,122224640
1562012866,122224640
1562012867,122224640
1562012868,122224640
1562012869,122224640
1562012870,122224640
1562012871,122224640
1562012872,122224640
1562012873,122224640
1562012874,122224640
1562012875,122224640
1562012876,122224640
1562012877,122224640
1562012878,122224640
1562012879,122224640
1562012880,122224640
1562012881,122224640
1562012882,122224640
1562012883,122224640
1562012884,122224640
1562012885,122224640
1562012886,122224640
1562012887,122224640
1562012888,122224640
1562012889,122224640
1562012890,122224640
1562012891,122224640
1562012892,122224640
1562012893,122224640
1562012894,122224640
1562012895,122224640
1562012896,122224640
1562012897,122224640
1562012898,122224640
1562012899,122224640
1562012900,122224640
1562012901,122224640
1562012902,122224640
1562012903,122224640
1562012904,122224640
1562012905,122224640
1562012906,122224640
1562012907,122224640
1562012908,122224640
1562012909,122224640
1562012910,122224640
1562012911,122224640
1562012912,122224640
1562012913,122224640
1562012914,122224640
1562012915,122224640
1562012916,122224640
1562012917,122224640
1562012918,122224640
1562012919,122224640
1562012920,122224640
1562012921,122224640
1562012922,122224640
1562012923,122224640
1562012924,122224640
1562012925,122224640
1562012926,122224640
1562012927,122224640
1562012928,122224640
1562012929,122224640
1562012930,122224640
1562012931,122224640
1562012932,122224640
1562012933,122224640
1562012934,122224640
1562012935,122224640
1562012936,122224640
1562012937,122224640
1562012938,122224640
1562012939,122224640
1562012940,122224640
1562012941,122224640
1562012942,122224640
1562012943,122224640
1562012944,122224640
1562012945,122224640
1562012946,122224640
1562012947,122224640
1562012948,122224640
1562012949,122224640
1562012950,122224640
1562012951,122224640
1562012952,122224640
1562012953,122224640
1562012954,122224640
1562012955,122224640
1562012956,122224640
1562012957,122224640
1562012958,122224640
1562012959,122224640
1562012960,122224640
1562012961,122224640
1562012962,122224640
1562012963,122224640
1562012964,122224640
1562012965,122224640
1562012966,122224640
1562012967,122224640
1562012968,122224640
1562012969,122224640
1562012970,122224640
1562012971,122224640
1562012972,122224640
1562012973,122224640
1562012974,122224640
1562012975,122224640
1562012976,122224640
1562012977,122224640
1562012978,122224640
1562012979,122224640
1562012980,122224640
1562012981,122224640
1562012982,122224640
1562012983,122224640
1562012984,122224640
1562012985,122224640
1562012986,122224640
1562012987,122224640
1562012988,122224640
1562012989,122224640
1562012990,122224640
1562012991,122224640
1562012992,122224640
1562012993,122224640
1562012994,122224640
1562012995,122224640
1562012996,122224640
1562012997,122224640
1562012998,122224640
1562012999,122224640
1562013000,122224640
1562013001,122224640
1562013002,122224640
1562013003,122224640
1562013004,122224640
1562013005,122224640
1562013006,122224640
1562013007,122224640
1562013008,122224640
1562013009,122224640
1562013010,122224640
1562013011,122224640
1562013012,122224640
1562013013,122224640
1562013014,122224640
1562013015,122224640
1562013016,122224640
1562013017,122224640
1562013018,122224640
1562013019,122224640
1562013020,122224640
1562013021,122224640
1562013022,122224640
1562013023,122224640
1562013024,122224640
1562013025,122224640
1562013026,122224640
1562013027,122224640
1562013028,122224640
1562013029,122224640
1562013030,122224640
1562013031,122224640
1562013032,122224640
1562013033,122224640
1562013034,122224640
1562013035,122224640
1562013036,122224640
1562013037,122224640
1562013038,122224640
1562013039,122224640
1562013040,122224640
1562013041,122224640
1562013042,122224640
1562013043,122224640
1562013044,122224640
1562013045,122224640
1562013046,122224640
1562013047,122224640
1562013048,122224640
1562013049,122224640
1562013050,122224640
1562013051,122224640
1562013052,122224640
1562013053,122224640
1562013054,122224640
1562013055,122224640
1562013056,122224640
1562013057,122224640
1562013058,122224640
1562013059,122224640
1562013060,122224640
1562013061,122224640
1562013062,122224640
1562013063,122224640
1562013064,122224640
1562013065,122224640
1562013066,122224640
1562013067,122224640
1562013068,122224640
1562013069,122224640
1562013070,122224640
1562013071,122224640
1562013072,122224640
1562013073,122224640
1562013074,122224640
1562013075,122224640
1562013076,122224640
1562013077,122224640
1562013078,122224640
1562013079,122224640
1562013080,122224640
1562013081,122224640
1562013082,122224640
1562013083,122224640
1562013084,122224640
1562013085,122224640
1562013086,122224640
1562013087,122224640
1562013088,122224640
1562013089,122224640
1562013090,122224640
1562013091,122224640
1562013092,122224640
1562013093,122224640
1562013094,122224640
1562013095,122224640
1562013096,122224640
1562013097,122224640
1562013098,122224640
1562013099,122224640
1562013100,122224640
1562013101,122224640
1562013102,122224640
1562013103,122224640
1562013104,122224640
1562013105,122224640
1562013106,122224640
1562013107,122224640
1562013108,122224640
1562013109,122224640
1562013110,122224640
1562013111,122224640
1562013112,122224640
1562013113,122224640
1562013114,122224640
1562013115,122224640
1562013116,122224640
1562013117,122224640
1562013118,121692160
1562013119,121692160
1562013120,121692160
1562013121,121692160
1562013122,121692160
1562013123,121692160
1562013124,121692160
1562013125,121692160
1562013126,121692160
1562013127,121692160
1562013128,121692160
1562013129,121692160
1562013130,121692160
1562013131,121692160
1562013132,121692160
1562013133,121692160
1562013134,121692160
1562013135,121692160
1562013136,121692160
1562013137,121692160
1562013138,121692160
1562013139,121692160
1562013140,121692160
1562013141,121692160
1562013142,121692160
1562013143,121692160
1562013144,121692160
1562013145,121692160
1562013146,121692160
1562013147,121692160
1562013148,121692160
1562013149,121692160
1562013150,121692160
1562013151,121692160
1562013152,121692160
1562013153,121692160
1562013154,121692160
1562013155,121692160
1562013156,121692160
1562013157,121692160
1562013158,121692160
1562013159,121962496
1562013160,121962496
1562013161,121962496
1562013162,121962496
1562013163,121962496
1562013164,121962496
1562013165,121962496
1562013166,121962496
1562013167,121962496
1562013168,121962496
1562013169,121962496
1562013170,121962496
1562013171,121962496
1562013172,121962496
1562013173,121962496
1562013174,121962496
1562013175,121962496
1562013176,121962496
1562013177,121962496
1562013178,121962496
1562013179,121962496
1562013180,121962496
1562013181,121962496
1562013182,121962496
1562013183,121962496
1562013184,121962496
1562013185,121962496
1562013186,121962496
1562013187,121962496
1562013188,121962496
1562013189,121962496
1562013190,121962496
1562013191,121962496
1562013192,121962496
1562013193,121962496
1562013194,121962496
1562013195,121962496
1562013196,121962496
1562013197,121962496
1562013198,121962496
1562013199,121962496
1562013200,121962496
1562013201,121962496
1562013202,121962496
1562013203,121962496
1562013204,121962496
1562013205,121962496
1562013206,121962496
1562013207,121962496
1562013208,121962496
1562013209,121962496
1562013210,121962496
1562013211,121962496
1562013212,121962496
1562013213,121962496
1562013214,121962496
1562013215,121962496
1562013216,121962496
1562013217,121962496
1562013218,121962496
1562013219,121962496
1562013220,121962496
1562013221,121962496
1562013222,121962496
1562013223,121962496
1562013224,121962496
1562013225,121962496
1562013226,121962496
1562013227,121962496
1562013228,121962496
1562013229,121962496
1562013230,121962496
1562013231,121962496
1562013232,121962496
1562013233,121962496
1562013234,121962496
1562013235,121962496
1562013236,121962496
1562013237,121962496
1562013238,121962496
1562013239,121962496
1562013240,121962496
1562013241,121962496
1562013242,121962496
1562013243,121962496
1562013244,121962496
1562013245,121962496
1562013246,121962496
1562013247,121962496
1562013248,121962496
1562013249,121962496
1562013250,121962496
1562013251,121962496
1562013252,121962496
1562013253,121962496
1562013254,121962496
1562013255,121962496
1562013256,121962496
1562013257,121962496
1562013258,121962496
1562013259,121962496
1562013260,121962496
1562013261,121962496
1562013262,121962496
1562013263,121962496
1562013264,121962496
1562013265,121962496
1562013266,121962496
1562013267,121962496
1562013268,121962496
1562013269,121962496
1562013270,121962496
1562013271,121962496
1562013272,121962496
1562013273,121962496
1562013274,121962496
1562013275,121962496
1562013276,121962496
1562013277,121962496
1562013278,121962496
1562013279,121962496
1562013280,121962496
1562013281,121962496
1562013282,121962496
1562013283,121962496
1562013284,121962496
1562013285,121962496
1562013286,121962496
1562013287,121962496
1562013288,121962496
1562013289,121962496
1562013290,121962496
1562013291,121962496
1562013292,121962496
1562013293,121962496
1562013294,121962496
1562013295,121962496
1562013296,121962496
1562013297,121962496
1562013298,121962496
1562013299,121962496
1562013300,121962496
1562013301,121962496
1562013302,121962496
1562013303,121962496
1562013304,121962496
1562013305,121962496
1562013306,121962496
1562013307,121962496
1562013308,121962496
1562013309,121962496
1562013310,121962496
1562013311,121962496
1562013312,121962496
1562013313,121962496
1562013314,121962496
1562013315,121962496
1562013316,121962496
1562013317,121962496
1562013318,121962496
1562013319,121962496
1562013320,121962496
1562013321,121962496
1562013322,121962496
1562013323,121962496
1562013324,121962496
1562013325,121962496
1562013326,121962496
1562013327,121962496
1562013328,121962496
1562013329,121962496
1562013330,121962496
1562013331,121962496
1562013332,121962496
1562013333,121962496
1562013334,121962496
1562013335,121962496
1562013336,121962496
1562013337,121962496
1562013338,121962496
1562013339,121962496
1562013340,121962496
1562013341,121962496
1562013342,122503168
1562013343,122503168
1562013344,122503168
1562013345,122503168
1562013346,122503168
1562013347,122503168
1562013348,122503168
1562013349,122503168
1562013350,122503168
1562013351,122503168
1562013352,122503168
1562013353,122503168
1562013354,122503168
1562013355,122503168
1562013356,122503168
1562013357,122503168
1562013358,122503168
1562013359,122503168
1562013360,122503168
1562013361,122503168
1562013362,122503168
1562013363,122503168
1562013364,122503168
1562013365,122503168
1562013366,122503168
1562013367,122503168
1562013368,122503168
1562013369,122503168
1562013370,122503168
1562013371,122503168
1562013372,122503168
1562013373,122503168
1562013374,122503168
1562013375,122503168
1562013376,122503168
1562013377,122503168
1562013378,122503168
1562013379,122503168
1562013380,122503168
1562013381,122503168
1562013382,122503168
1562013383,122503168
1562013384,122503168
1562013385,122503168
1562013386,122503168
1562013387,122503168
1562013388,122503168
1562013389,122503168
1562013390,122503168
1562013391,122503168
1562013392,122503168
1562013393,122503168
1562013394,122503168
1562013395,122503168
1562013396,122503168
1562013397,122503168
1562013398,122503168
1562013399,122503168
1562013400,122503168
1562013401,122503168
1562013402,122503168
1562013403,122503168
1562013404,122503168
1562013405,122503168
1562013406,122503168
1562013407,122503168
1562013408,122503168
1562013409,122503168
1562013410,122503168
1562013411,122503168
1562013412,122503168
1562013413,122503168
1562013414,122503168
1562013415,122503168
1562013416,122503168
1562013417,122503168
1562013418,122503168
1562013419,122503168
1562013420,122503168
1562013421,122503168
1562013422,122503168
1562013423,122503168
1562013424,122503168
1562013425,122503168
1562013426,122503168
1562013427,122503168
1562013428,122503168
1562013429,122503168
1562013430,122503168
1562013431,122503168
1562013432,122503168
1562013433,122503168
1562013434,122503168
1562013435,122503168
1562013436,122503168
1562013437,122503168
1562013438,122503168
1562013439,122503168
1562013440,122503168
1562013441,122503168
1562013442,122503168
1562013443,122503168
1562013444,122503168
1562013445,122503168
1562013446,122503168
1562013447,122503168
1562013448,122503168
1562013449,122503168
1562013450,122503168
1562013451,122503168
1562013452,122503168
1562013453,122503168
1562013454,122503168
1562013455,122503168
1562013456,122503168
1562013457,122503168
1562013458,122503168
1562013459,122503168
1562013460,122503168
1562013461,122503168
1562013462,122503168
1562013463,122503168
1562013464,122503168
1562013465,122503168
1562013466,122503168
1562013467,122503168
1562013468,122503168
1562013469,122503168
1562013470,122503168
1562013471,122503168
1562013472,122503168
1562013473,122503168
1562013474,122503168
1562013475,122503168
1562013476,122503168
1562013477,122503168
1562013478,122503168
1562013479,122503168
1562013480,122503168
1562013481,122503168
1562013482,122503168
1562013483,122503168
1562013484,122503168
1562013485,122503168
1562013486,122503168
1562013487,122503168
1562013488,122503168
1562013489,122503168
1562013490,122503168
1562013491,122503168
1562013492,122503168
1562013493,122503168
1562013494,122503168
1562013495,122503168
1562013496,122503168
1562013497,122503168
1562013498,122503168
1562013499,122503168
1562013500,122503168
1562013501,122503168
1562013502,122503168
1562013503,122503168
1562013504,122503168
1562013505,122503168
1562013506,122503168
1562013507,122503168
1562013508,122503168
1562013509,122503168
1562013510,122503168
1562013511,122503168
1562013512,122503168
1562013513,122503168
1562013514,122503168
1562013515,122503168
1562013516,122503168
1562013517,122503168
1562013518,122503168
1562013519,122503168
1562013520,122503168
1562013521,122503168
1562013522,122503168
1562013523,122503168
1562013524,122503168
1562013525,122503168
1562013526,122503168
1562013527,122503168
1562013528,122503168
1562013529,122503168
1562013530,122503168
1562013531,122503168
1562013532,122503168
1562013533,122503168
1562013534,122503168
1562013535,122503168
1562013536,122503168
1562013537,122503168
1562013538,122503168
1562013539,122503168
1562013540,122503168
1562013541,122503168
1562013542,122503168
1562013543,122503168
1562013544,122503168
1562013545,122503168
1562013546,122503168
1562013547,122503168
1562013548,122503168
1562013549,122503168
1562013550,122503168
1562013551,122503168
1562013552,122503168
1562013553,122503168
1562013554,122503168
1562013555,122503168
1562013556,122503168
1562013557,122503168
1562013558,122503168
1562013559,122503168
1562013560,122503168
1562013561,122503168
1562013562,122503168
1562013563,122503168
1562013564,122503168
1562013565,122503168
1562013566,122503168
1562013567,122503168
1562013568,122503168
1562013569,122503168
1562013570,122503168
1562013571,122503168
1562013572,122503168
1562013573,122503168
1562013574,122503168
1562013575,122503168
1562013576,122503168
1562013577,122503168
1562013578,122503168
1562013579,122503168
1562013580,122503168
1562013581,122503168
1562013582,122503168
1562013583,122503168
1562013584,122503168
1562013585,122503168
1562013586,122503168
1562013587,122503168
1562013588,122503168
1562013589,122503168
1562013590,122503168
1562013591,122503168
1562013592,122503168
1562013593,122503168
1562013594,122503168
1562013595,122503168
1562013596,122503168
1562013597,122503168
1562013598,122503168
1562013599,122503168
1562013600,122503168
1562013601,122503168
1562013602,122503168
1562013603,122503168
1562013604,122503168
1562013605,122503168
1562013606,122503168
1562013607,122503168
1562013608,122503168
1562013609,122503168
1562013610,122503168
1562013611,122503168
1562013612,122503168
1562013613,122503168
1562013614,122503168
1562013615,122503168
1562013616,122503168
1562013617,122503168
1562013618,122503168
1562013619,122503168
1562013620,122503168
1562013621,122503168
1562013622,122503168
1562013623,122503168
1562013624,122503168
1562013625,122503168
1562013626,122503168
1562013627,122503168
1562013628,122503168
1562013629,122503168
1562013630,122503168
1562013631,122503168
1562013632,122503168
1562013633,122503168
1562013634,122503168
1562013635,122503168
1562013636,122503168
1562013637,122503168
1562013638,122503168
1562013639,122503168
1562013640,122503168
1562013641,122503168
1562013642,122503168
1562013643,122503168
1562013644,122503168
1562013645,122503168
1562013646,122503168
1562013647,122503168
1562013648,122503168
1562013649,122503168
1562013650,122503168
1562013651,122503168
1562013652,122503168
1562013653,122503168
1562013654,122503168
1562013655,122503168
1562013656,122503168
1562013657,122503168
1562013658,122503168
1562013659,122503168
1562013660,122503168
1562013661,122503168
1562013662,122503168
1562013663,122503168
1562013664,122503168
1562013665,122503168
1562013666,122503168
1562013667,122503168
1562013668,122503168
1562013669,122503168
1562013670,122503168
1562013671,122503168
1562013672,122503168
1562013673,122503168
1562013674,122503168
1562013675,122503168
1562013676,122503168
1562013677,122503168
1562013678,122503168
1562013679,122503168
1562013680,122503168
1562013681,122503168
1562013682,122503168
1562013683,122503168
1562013684,122503168
1562013685,122503168
1562013686,122503168
1562013687,122503168
1562013688,122503168
1562013689,122503168
1562013690,122503168
1562013691,122503168
1562013692,122503168
1562013693,122503168
1562013694,122503168
1562013695,122503168
1562013696,122503168
1562013697,122503168
1562013698,122503168
1562013699,122503168
1562013700,122503168
1562013701,122503168
1562013702,122503168
1562013703,122503168
1562013704,122503168
1562013705,122503168
1562013706,122503168
1562013707,122503168
1562013708,122503168
1562013709,122503168
1562013710,122503168
1562013711,122503168
1562013712,122503168
1562013713,122503168
1562013714,122503168
1562013715,122503168
1562013716,122503168
1562013717,122503168
1562013718,121839616
1562013719,121839616
1562013720,121839616
1562013721,121839616
1562013722,121839616
1562013723,121839616
1562013724,121839616
1562013725,121839616
1562013726,121839616
1562013727,121839616
1562013728,121839616
1562013729,121839616
1562013730,121839616
1562013731,121839616
1562013732,121839616
1562013733,121839616
1562013734,121839616
1562013735,121839616
1562013736,121839616
1562013737,121839616
1562013738,121839616
1562013739,121839616
1562013740,121839616
1562013741,121839616
1562013742,121839616
1562013743,121839616
1562013744,121839616
1562013745,121839616
1562013746,121839616
1562013747,121839616
1562013748,121839616
1562013749,121839616
1562013750,121839616
1562013751,121839616
1562013752,121839616
1562013753,121839616
1562013754,121839616
1562013755,121839616
1562013756,121839616
1562013757,121839616
1562013758,121839616
1562013759,121839616
1562013760,121839616
1562013761,121839616
1562013762,121839616
1562013763,121839616
1562013764,121839616
1562013765,121839616
1562013766,121839616
1562013767,121839616
1562013768,121839616
1562013769,121839616
1562013770,121839616
1562013771,121839616
1562013772,121839616
1562013773,121839616
1562013774,121839616
1562013775,121839616
1562013776,121839616
1562013777,121839616
1562013778,121839616
1562013779,121839616
1562013780,121839616
1562013781,121839616
1562013782,121839616
1562013783,121839616
1562013784,121839616
1562013785,121839616
1562013786,121839616
1562013787,121839616
1562013788,121839616
1562013789,121839616
1562013790,121839616
1562013791,121839616
1562013792,121839616
1562013793,121839616
1562013794,121839616
1562013795,121839616
1562013796,121839616
1562013797,121839616
1562013798,121839616
1562013799,121839616
1562013800,121839616
1562013801,121839616
1562013802,121839616
1562013803,121839616
1562013804,121839616
1562013805,121839616
1562013806,121839616
1562013807,121839616
1562013808,121839616
1562013809,121839616
1562013810,121839616
1562013811,121839616
1562013812,121839616
1562013813,121839616
1562013814,121839616
1562013815,121839616
1562013816,121839616
1562013817,121839616
1562013818,121839616
1562013819,121839616
1562013820,121839616
1562013821,121839616
1562013822,121839616
1562013823,121839616
1562013824,121839616
1562013825,121839616
1562013826,121839616
1562013827,121839616
1562013828,121839616
1562013829,121839616
1562013830,121839616
1562013831,121839616
1562013832,121839616
1562013833,121839616
1562013834,121839616
1562013835,121839616
1562013836,121839616
1562013837,121839616
1562013838,121839616
1562013839,121839616
1562013840,121839616
1562013841,121839616
1562013842,121839616
1562013843,121839616
1562013844,121839616
1562013845,121839616
1562013846,121839616
1562013847,121839616
1562013848,121839616
1562013849,121839616
1562013850,121839616
1562013851,121839616
1562013852,121839616
1562013853,121839616
1562013854,121839616
1562013855,121839616
1562013856,121839616
1562013857,121839616
1562013858,121839616
1562013859,121839616
1562013860,121839616
1562013861,121839616
1562013862,121839616
1562013863,121839616
1562013864,121839616
1562013865,121839616
1562013866,121839616
1562013867,121839616
1562013868,121839616
1562013869,121839616
1562013870,121839616
1562013871,121839616
1562013872,121839616
1562013873,121839616
1562013874,121839616
1562013875,121839616
1562013876,121839616
1562013877,121839616
1562013878,121839616
1562013879,121839616
1562013880,121839616
1562013881,121839616
1562013882,121839616
1562013883,121839616
1562013884,121839616
1562013885,121839616
1562013886,121839616
1562013887,121839616
1562013888,121839616
1562013889,121839616
1562013890,121839616
1562013891,121839616
1562013892,121839616
1562013893,121839616
1562013894,121839616
1562013895,121839616
1562013896,121839616
1562013897,121839616
1562013898,121839616
1562013899,121839616
1562013900,121839616
1562013901,121839616
1562013902,121839616
1562013903,121839616
1562013904,121839616
1562013905,121839616
1562013906,121839616
1562013907,121839616
1562013908,121839616
1562013909,121839616
1562013910,121839616
1562013911,121839616
1562013912,121839616
1562013913,121839616
1562013914,121839616
1562013915,121839616
1562013916,121839616
1562013917,121839616
1562013918,121839616
1562013919,121839616
1562013920,121839616
1562013921,121839616
1562013922,121839616
1562013923,121839616
1562013924,121839616
1562013925,121839616
1562013926,121839616
1562013927,121839616
1562013928,121839616
1562013929,121839616
1562013930,121839616
1562013931,121839616
1562013932,121839616
1562013933,121839616
1562013934,121839616
1562013935,121839616
1562013936,121839616
1562013937,121839616
1562013938,121839616
1562013939,121839616
1562013940,121839616
1562013941,121839616
1562013942,121839616
1562013943,121839616
1562013944,121839616
1562013945,121839616
1562013946,121839616
1562013947,121839616
1562013948,121839616
1562013949,121839616
1562013950,121839616
1562013951,121839616
1562013952,121839616
1562013953,121839616
1562013954,121839616
1562013955,121839616
1562013956,121839616
1562013957,121839616
1562013958,121839616
1562013959,121839616
1562013960,121839616
1562013961,121839616
1562013962,121839616
1562013963,121839616
1562013964,121839616
1562013965,121839616
1562013966,121839616
1562013967,121839616
1562013968,121839616
1562013969,121839616
1562013970,121839616
1562013971,121839616
1562013972,121839616
1562013973,121839616
1562013974,121839616
1562013975,121839616
1562013976,121839616
1562013977,121839616
1562013978,121839616
1562013979,121839616
1562013980,121839616
1562013981,121839616
1562013982,121839616
1562013983,121839616
1562013984,121839616
1562013985,121839616
1562013986,121839616
1562013987,121839616
1562013988,121839616
1562013989,121839616
1562013990,121839616
1562013991,121839616
1562013992,121839616
1562013993,121839616
1562013994,121839616
1562013995,121839616
1562013996,121839616
1562013997,121839616
1562013998,121839616
1562013999,121839616
1562014000,121839616
1562014001,121839616
1562014002,121839616
1562014003,121839616
1562014004,121839616
1562014005,121839616
1562014006,121839616
1562014007,121839616
1562014008,121839616
1562014009,121839616
1562014010,121839616
1562014011,121839616
1562014012,121839616
1562014013,121839616
1562014014,121839616
1562014015,121839616
1562014016,121839616
1562014017,121839616
1562014018,121839616
1562014019,121839616
1562014020,121839616
1562014021,121839616
1562014022,121839616
1562014023,121839616
1562014024,121839616
1562014025,121839616
1562014026,121839616
1562014027,121839616
1562014028,121839616
1562014029,121839616
1562014030,121839616
1562014031,121839616
1562014032,121839616
1562014033,121839616
1562014034,121839616
1562014035,121839616
1562014036,121839616
1562014037,121839616
1562014038,121839616
1562014039,121839616
1562014040,121839616
1562014041,121839616
1562014042,121839616
1562014043,121839616
1562014044,121839616
1562014045,121839616
1562014046,121839616
1562014047,121839616
1562014048,121839616
1562014049,121839616
1562014050,121839616
1562014051,121839616
1562014052,121839616
1562014053,121839616
1562014054,121839616
1562014055,121839616
1562014056,121839616
1562014057,121839616
1562014058,121839616
1562014059,121839616
1562014060,121839616
1562014061,121839616
1562014062,121839616
1562014063,121839616
1562014064,121839616
1562014065,121839616
1562014066,121839616
1562014067,121839616
1562014068,121839616
1562014069,121839616
1562014070,121839616
1562014071,121839616
1562014072,121839616
1562014073,121839616
1562014074,121839616
1562014075,121839616
1562014076,121839616
1562014077,121839616
1562014078,121839616
1562014079,121839616
1562014080,121839616
1562014081,121839616
1562014082,121839616
1562014083,121839616
1562014084,121839616
1562014085,121839616
1562014086,121839616
1562014087,121839616
1562014088,121839616
1562014089,121839616
1562014090,121839616
1562014091,121839616
1562014092,121839616
1562014093,121839616
1562014094,121839616
1562014095,121839616
1562014096,121839616
1562014097,121839616
1562014098,121839616
1562014099,121839616
1562014100,121839616
1562014101,121839616
1562014102,121839616
1562014103,121839616
1562014104,121839616
1562014105,121839616
1562014106,121839616
1562014107,121839616
1562014108,121839616
1562014109,121839616
1562014110,121839616
1562014111,121839616
1562014112,121839616
1562014113,121839616
1562014114,121839616
1562014115,121839616
1562014116,121839616
1562014117,121839616
1562014118,121839616
1562014119,121839616
1562014120,121839616
1562014121,121839616
1562014122,121839616
1562014123,121839616
1562014124,121839616
1562014125,121839616
1562014126,121839616
1562014127,121839616
1562014128,121839616
1562014129,121839616
1562014130,121839616
1562014131,121839616
1562014132,121839616
1562014133,121839616
1562014134,121839616
1562014135,121839616
1562014136,121839616
1562014137,121839616
1562014138,121839616
1562014139,121839616
1562014140,121839616
1562014141,121839616
1562014142,121839616
1562014143,121839616
1562014144,121839616
1562014145,121839616
1562014146,121839616
1562014147,121839616
1562014148,121839616
1562014149,121839616
1562014150,121839616
1562014151,121839616
1562014152,121839616
1562014153,121839616
1562014154,121839616
1562014155,121839616
1562014156,121839616
1562014157,121839616
1562014158,121839616
1562014159,121839616
1562014160,121839616
1562014161,121839616
1562014162,121839616
1562014163,121839616
1562014164,121839616
1562014165,121839616
1562014166,121839616
1562014167,121839616
1562014168,121839616
1562014169,121839616
1562014170,121839616
1562014171,121839616
1562014172,121839616
1562014173,121839616
1562014174,121839616
1562014175,121839616
1562014176,121839616
1562014177,121839616
1562014178,121839616
1562014179,121839616
1562014180,121839616
1562014181,121839616
1562014182,121839616
1562014183,121839616
1562014184,121839616
1562014185,121839616
1562014186,121839616
1562014187,121839616
1562014188,121839616
1562014189,121839616
1562014190,121839616
1562014191,121839616
1562014192,121839616
1562014193,121839616
1562014194,121839616
1562014195,121839616
1562014196,121839616
1562014197,121839616
1562014198,121839616
1562014199,121839616
1562014200,121839616
1562014201,121839616
1562014202,121839616
1562014203,121839616
1562014204,121839616
1562014205,121839616
1562014206,121839616
1562014207,121839616
1562014208,121839616
1562014209,121839616
1562014210,121839616
1562014211,121839616
1562014212,121839616
1562014213,121839616
1562014214,121839616
1562014215,121839616
1562014216,121839616
1562014217,121839616
1562014218,121839616
1562014219,121839616
1562014220,121839616
1562014221,121839616
1562014222,121839616
1562014223,121839616
1562014224,121839616
1562014225,121839616
1562014226,121839616
1562014227,121839616
1562014228,121839616
1562014229,121839616
1562014230,121839616
1562014231,121839616
1562014232,121839616
1562014233,121839616
1562014234,121839616
1562014235,121839616
1562014236,121839616
1562014237,121839616
1562014238,121839616
1562014239,121839616
1562014240,121839616
1562014241,121839616
1562014242,121839616
1562014243,121839616
1562014244,121839616
1562014245,121839616
1562014246,121839616
1562014247,121839616
1562014248,121839616
1562014249,121839616
1562014250,121839616
1562014251,121839616
1562014252,121839616
1562014253,121839616
1562014254,121839616
1562014255,121839616
1562014256,121839616
1562014257,121839616
1562014258,121839616
1562014259,121839616
1562014260,121839616
1562014261,121839616
1562014262,121839616
1562014263,121839616
1562014264,121839616
1562014265,121839616
1562014266,121839616
1562014267,121839616
1562014268,121839616
1562014269,121839616
1562014270,121839616
1562014271,121839616
1562014272,121839616
1562014273,121839616
1562014274,121839616
1562014275,121839616
1562014276,121839616
1562014277,121839616
1562014278,121839616
1562014279,121839616
1562014280,121839616
1562014281,121839616
1562014282,121839616
1562014283,121839616
1562014284,121839616
1562014285,121839616
1562014286,121839616
1562014287,121839616
1562014288,121839616
1562014289,121839616
1562014290,121839616
1562014291,121839616
1562014292,121839616
1562014293,121839616
1562014294,121839616
1562014295,121839616
1562014296,121839616
1562014297,121839616
1562014298,121839616
1562014299,121839616
1562014300,121839616
1562014301,121839616
1562014302,121839616
1562014303,121839616
1562014304,121839616
1562014305,121839616
1562014306,121839616
1562014307,121839616
1562014308,121839616
1562014309,121839616
1562014310,121839616
1562014311,121839616
1562014312,121839616
1562014313,121839616
1562014314,121839616
1562014315,121839616
1562014316,121839616
1562014317,121839616
1562014318,121839616
1562014319,121839616
1562014320,121839616
1562014321,121839616
1562014322,121839616
1562014323,121839616
1562014324,121839616
1562014325,121839616
1562014326,121839616
1562014327,121839616
1562014328,121839616
1562014329,121839616
1562014330,121839616
1562014331,121839616
1562014332,121839616
1562014333,121839616
1562014334,121839616
1562014335,121839616
1562014336,121839616
1562014337,121839616
1562014338,121839616
1562014339,121839616
1562014340,121839616
1562014341,121839616
1562014342,121839616
1562014343,121839616
1562014344,121839616
1562014345,121839616
1562014346,121839616
1562014347,121839616
1562014348,121839616
1562014349,121839616
1562014350,121839616
1562014351,121839616
1562014352,121839616
1562014353,121839616
1562014354,121839616
1562014355,121839616
1562014356,121839616
1562014357,121839616
1562014358,121839616
1562014359,121839616
1562014360,121839616
1562014361,121839616
1562014362,121839616
1562014363,121839616
1562014364,121839616
1562014365,121839616
1562014366,121839616
1562014367,121839616
1562014368,121839616
1562014369,121839616
1562014370,121839616
1562014371,121839616
1562014372,121839616
1562014373,121839616
1562014374,121839616
1562014375,121839616
1562014376,121839616
1562014377,121839616
1562014378,121839616
1562014379,121839616
1562014380,121839616
1562014381,121839616
1562014382,121839616
1562014383,121839616
1562014384,121839616
1562014385,121839616
1562014386,121839616
1562014387,121839616
1562014388,121839616
1562014389,121839616
1562014390,121839616
1562014391,121839616
1562014392,121839616
1562014393,121839616
1562014394,121839616
1562014395,121839616
1562014396,121839616
1562014397,121839616
1562014398,121839616
1562014399,121839616
1562014400,121839616
1562014401,121839616
1562014402,121839616
1562014403,121839616
1562014404,121839616
1562014405,121839616
1562014406,121839616
1562014407,121839616
1562014408,121839616
1562014409,121839616
1562014410,121839616
1562014411,121839616
1562014412,121839616
1562014413,121839616
1562014414,121839616
1562014415,121839616
1562014416,121839616
1562014417,121839616
1562014418,121839616
1562014419,121839616
1562014420,121839616
1562014421,121839616
1562014422,121839616
1562014423,121839616
1562014424,121839616
1562014425,121839616
1562014426,121839616
1562014427,121839616
1562014428,121839616
1562014429,121839616
1562014430,121839616
1562014431,121839616
1562014432,121839616
1562014433,121839616
1562014434,121839616
1562014435,121839616
1562014436,121839616
1562014437,121839616
1562014438,121839616
1562014439,121839616
1562014440,121839616
1562014441,121839616
1562014442,121839616
1562014443,121839616
1562014444,121839616
1562014445,121839616
1562014446,121839616
1562014447,121839616
1562014448,121839616
1562014449,121839616
1562014450,121839616
1562014451,121839616
1562014452,121839616
1562014453,121839616
1562014454,121839616
1562014455,121839616
1562014456,121839616
1562014457,121839616
1562014458,121839616
1562014459,121839616
1562014460,121839616
1562014461,121839616
1562014462,121839616
1562014463,121839616
1562014464,121839616
1562014465,121839616
1562014466,121839616
1562014467,121839616
1562014468,121839616
1562014469,121839616
1562014470,121839616
1562014471,121839616
1562014472,121839616
1562014473,121839616
1562014474,121839616
1562014475,121839616
1562014476,121839616
1562014477,121839616
1562014478,121839616
1562014479,121839616
1562014480,121839616
1562014481,121839616
1562014482,121839616
1562014483,121839616
1562014484,121839616
1562014485,121839616
1562014486,121839616
1562014487,121839616
1562014488,121839616
1562014489,121839616
1562014490,121839616
1562014491,121839616
1562014492,121839616
1562014493,121839616
1562014494,121839616
1562014495,121839616
1562014496,121839616
1562014497,121839616
1562014498,121839616
1562014499,121839616
1562014500,121839616
1562014501,121839616
1562014502,121839616
1562014503,121839616
1562014504,121839616
1562014505,121839616
1562014506,121839616
1562014507,121839616
1562014508,121839616
1562014509,121839616
1562014510,121839616
1562014511,121839616
1562014512,121839616
1562014513,121839616
1562014514,121839616
1562014515,121839616
1562014516,121839616
1562014517,121839616
1562014518,121839616
1562014519,121839616
1562014520,121839616
1562014521,121839616
1562014522,121839616
1562014523,121839616
1562014524,121839616
1562014525,121839616
1562014526,121839616
1562014527,121839616
1562014528,121839616
1562014529,121839616
1562014530,121839616
1562014531,121839616
1562014532,121839616
1562014533,121839616
1562014534,121839616
1562014535,121839616
1562014536,121839616
1562014537,121839616
1562014538,121839616
1562014539,121839616
1562014540,121839616
1562014541,121839616
1562014542,121839616
1562014543,121839616
1562014544,121839616
1562014545,121839616
1562014546,121839616
1562014547,121839616
1562014548,121839616
1562014549,121839616
1562014550,121839616
1562014551,121839616
1562014552,121839616
1562014553,121839616
1562014554,121839616
1562014555,121839616
1562014556,121839616
1562014557,121839616
1562014558,121839616
1562014559,121839616
1562014560,121839616
1562014561,121839616
1562014562,121839616
1562014563,121839616
1562014564,121839616
1562014565,121839616
1562014566,121839616
1562014567,121839616
1562014568,121839616
1562014569,121839616
1562014570,121839616
1562014571,121839616
1562014572,121839616
1562014573,121839616
1562014574,121839616
1562014575,121839616
1562014576,121839616
1562014577,121839616
1562014578,121839616
1562014579,121839616
1562014580,121839616
1562014581,121839616
1562014582,121839616
1562014583,121839616
1562014584,121839616
1562014585,121839616
1562014586,121839616
1562014587,121839616
1562014588,121839616
1562014589,121839616
1562014590,121839616
1562014591,121839616
1562014592,121839616
1562014593,121839616
1562014594,121839616
1562014595,121839616
1562014596,121839616
1562014597,121839616
1562014598,121839616
1562014599,121839616
1562014600,121839616
1562014601,121839616
1562014602,121839616
1562014603,121839616
1562014604,121839616
1562014605,121839616
1562014606,121839616
1562014607,121839616
1562014608,121839616
1562014609,121839616
1562014610,121839616
1562014611,121839616
1562014612,121839616
1562014613,121839616
1562014614,121839616
1562014615,121839616
1562014616,121839616
1562014617,121839616
1562014618,121839616
1562014619,121839616
1562014620,121839616
1562014621,121839616
1562014622,121839616
1562014623,121839616
1562014624,121839616
1562014625,121839616
1562014626,121839616
1562014627,121839616
1562014628,121839616
1562014629,121839616
1562014630,121839616
1562014631,121839616
1562014632,121839616
1562014633,121839616
1562014634,121839616
1562014635,121839616
1562014636,121839616
1562014637,121839616
1562014638,121839616
1562014639,121839616
1562014640,121839616
1562014641,121839616
1562014642,121839616
1562014643,121839616
1562014644,121839616
1562014645,121839616
1562014646,121839616
1562014647,121839616
1562014648,121839616
1562014649,121839616
1562014650,121839616
1562014651,121839616
1562014652,121839616
1562014653,121839616
1562014654,121839616
1562014655,121839616
1562014656,121839616
1562014657,121839616
1562014658,121839616
1562014659,121839616
1562014660,121839616
1562014661,121839616
1562014662,121839616
1562014663,121839616
1562014664,121839616
1562014665,121839616
1562014666,121839616
1562014667,121839616
1562014668,121839616
1562014669,121839616
1562014670,121839616
1562014671,121839616
1562014672,121839616
1562014673,121839616
1562014674,121839616
1562014675,121839616
1562014676,121839616
1562014677,121839616
1562014678,121839616
1562014679,121839616
1562014680,121839616
1562014681,121839616
1562014682,121839616
1562014683,121839616
1562014684,121839616
1562014685,121839616
1562014686,121839616
1562014687,121839616
1562014688,121839616
1562014689,121839616
1562014690,121839616
1562014691,121839616
1562014692,121839616
1562014693,121839616
1562014694,121839616
1562014695,121839616
1562014696,121839616
1562014697,121839616
1562014698,121839616
1562014699,121839616
1562014700,121839616
1562014701,121839616
1562014702,121839616
1562014703,121839616
1562014704,121839616
1562014705,121839616
1562014706,121839616
1562014707,121839616
1562014708,121839616
1562014709,121839616
1562014710,121839616
1562014711,121839616
1562014712,121839616
1562014713,121839616
1562014714,121839616
1562014715,121839616
1562014716,121839616
1562014717,121839616
1562014718,121839616
1562014719,121839616
1562014720,121839616
1562014721,121839616
1562014722,121839616
1562014723,121839616
1562014724,121839616
1562014725,121839616
1562014726,121839616
1562014727,121839616
1562014728,121839616
1562014729,121839616
1562014730,121839616
1562014731,121839616
1562014732,121839616
1562014733,121839616
1562014734,121839616
1562014735,121839616
1562014736,121839616
1562014737,121839616
1562014738,121839616
1562014739,121839616
1562014740,121839616
1562014741,121839616
1562014742,121839616
1562014743,121839616
1562014744,121839616
1562014745,121839616
1562014746,121839616
1562014747,121839616
1562014748,121839616
1562014749,121839616
1562014750,121839616
1562014751,121839616
1562014752,121839616
1562014753,121839616
1562014754,121839616
1562014755,121839616
1562014756,121839616
1562014757,121839616
1562014758,121839616
1562014759,121839616
1562014760,121839616
1562014761,121839616
1562014762,121839616
1562014763,121839616
1562014764,121839616
1562014765,121839616
1562014766,121839616
1562014767,121839616
1562014768,121839616
1562014769,121839616
1562014770,121839616
1562014771,121839616
1562014772,121839616
1562014773,121839616
1562014774,121839616
1562014775,121839616
1562014776,121839616
1562014777,121839616
1562014778,121839616
1562014779,121839616
1562014780,121839616
1562014781,121839616
1562014782,121839616
1562014783,121839616
1562014784,121839616
1562014785,121839616
1562014786,121839616
1562014787,121839616
1562014788,121839616
1562014789,121839616
1562014790,121839616
1562014791,121839616
1562014792,121839616
1562014793,121839616
1562014794,121839616
1562014795,121839616
1562014796,121839616
1562014797,121839616
1562014798,121839616
1562014799,121839616
1562014800,121839616
1562014801,121839616
1562014802,121839616
1562014803,121839616
1562014804,121839616
1562014805,121839616
1562014806,121839616
1562014807,121839616
1562014808,121839616
1562014809,121839616
1562014810,121839616
1562014811,121839616
1562014812,121839616
1562014813,121839616
1562014814,121839616
1562014815,121839616
1562014816,121839616
1562014817,121839616
1562014818,121839616
1562014819,121839616
1562014820,121839616
1562014821,121839616
1562014822,121839616
1562014823,121839616
1562014824,121839616
1562014825,121839616
1562014826,121839616
1562014827,121839616
1562014828,121839616
1562014829,121839616
1562014830,121839616
1562014831,121839616
1562014832,121839616
1562014833,121839616
1562014834,121839616
1562014835,121839616
1562014836,121839616
1562014837,121839616
1562014838,121839616
1562014839,121839616
1562014840,121839616
1562014841,121839616
1562014842,121839616
1562014843,121839616
1562014844,121839616
1562014845,121839616
1562014846,121839616
1562014847,121839616
1562014848,121839616
1562014849,121839616
1562014850,121839616
1562014851,121839616
1562014852,121839616
1562014853,121839616
1562014854,121839616
1562014855,121839616
1562014856,121839616
1562014857,121839616
1562014858,121839616
1562014859,121839616
1562014860,121839616
1562014861,121839616
1562014862,121839616
1562014863,121839616
1562014864,121839616
1562014865,121839616
1562014866,121839616
1562014867,121839616
1562014868,121839616
1562014869,121839616
1562014870,121839616
1562014871,121839616
1562014872,121839616
1562014873,121839616
1562014874,121839616
1562014875,121839616
1562014876,121839616
1562014877,121839616
1562014878,121839616
1562014879,121839616
1562014880,121839616
1562014881,121839616
1562014882,121839616
1562014883,121839616
1562014884,121839616
1562014885,121839616
1562014886,121839616
1562014887,121839616
1562014888,121839616
1562014889,121839616
1562014890,121839616
1562014891,121839616
1562014892,121839616
1562014893,121839616
1562014894,121839616
1562014895,121839616
1562014896,121839616
1562014897,121839616
1562014898,121839616
1562014899,121839616
1562014900,121839616
1562014901,121839616
1562014902,121839616
1562014903,121839616
1562014904,121839616
1562014905,121839616
1562014906,121839616
1562014907,121839616
1562014908,121839616
1562014909,121839616
1562014910,121839616
1562014911,121839616
1562014912,121839616
1562014913,121839616
1562014914,121839616
1562014915,121839616
1562014916,121839616
1562014917,121839616
1562014918,121839616
1562014919,121839616
1562014920,121839616
1562014921,121839616
1562014922,121839616
1562014923,121839616
1562014924,121839616
1562014925,121839616
1562014926,121839616
1562014927,121839616
1562014928,121839616
1562014929,121839616
1562014930,121839616
1562014931,121839616
1562014932,121839616
1562014933,121839616
1562014934,121839616
1562014935,121839616
1562014936,121839616
1562014937,121839616
1562014938,121839616
1562014939,121839616
1562014940,121839616
1562014941,121839616
1562014942,121839616
1562014943,121839616
1562014944,121839616
1562014945,121839616
1562014946,121839616
1562014947,121839616
1562014948,121839616
1562014949,121839616
1562014950,121839616
1562014951,121839616
1562014952,121839616
1562014953,121839616
1562014954,121839616
1562014955,121839616
1562014956,121839616
1562014957,121839616
1562014958,121839616
1562014959,121839616
1562014960,121839616
1562014961,121839616
1562014962,121839616
1562014963,121839616
1562014964,121839616
1562014965,121839616
1562014966,121839616
1562014967,121839616
1562014968,121839616
1562014969,121839616
1562014970,121839616
1562014971,121839616
1562014972,121839616
1562014973,121839616
1562014974,121839616
1562014975,121839616
1562014976,121839616
1562014977,121839616
1562014978,121839616
1562014979,121839616
1562014980,121839616
1562014981,121839616
1562014982,121839616
1562014983,121839616
1562014984,121839616
1562014985,121839616
1562014986,121839616
1562014987,121839616
1562014988,121839616
1562014989,121839616
1562014990,121839616
1562014991,121839616
1562014992,121839616
1562014993,121839616
1562014994,121839616
1562014995,121839616
1562014996,121839616
1562014997,121839616
1562014998,121839616
1562014999,121839616
1562015000,121839616
1562015001,121839616
1562015002,121839616
1562015003,121839616
1562015004,121839616
1562015005,121839616
1562015006,121839616
1562015007,121839616
1562015008,121839616
1562015009,121839616
1562015010,121839616
1562015011,121839616
1562015012,121839616
1562015013,121839616
1562015014,121839616
1562015015,121839616
1562015016,121839616
1562015017,121839616
1562015018,121839616
1562015019,121839616
1562015020,121839616
1562015021,121839616
1562015022,121839616
1562015023,121839616
1562015024,121839616
1562015025,121839616
1562015026,121839616
1562015027,121839616
1562015028,121839616
1562015029,121839616
1562015030,121839616
1562015031,121839616
1562015032,121839616
1562015033,121839616
1562015034,121839616
1562015035,121839616
1562015036,121839616
1562015037,121839616
1562015038,121839616
1562015039,121839616
1562015040,121839616
1562015041,121839616
1562015042,121839616
1562015043,121839616
1562015044,121839616
1562015045,121839616
1562015046,121839616
1562015047,121839616
1562015048,121839616
1562015049,121839616
1562015050,121839616
1562015051,121839616
1562015052,121839616
1562015053,121839616
1562015054,121839616
1562015055,121839616
1562015056,121839616
1562015057,121839616
1562015058,121839616
1562015059,121839616
1562015060,121839616
1562015061,121839616
1562015062,121839616
1562015063,121839616
1562015064,121839616
1562015065,121839616
1562015066,121839616
1562015067,121839616
1562015068,121839616
1562015069,121839616
1562015070,121839616
1562015071,121839616
1562015072,121839616
1562015073,121839616
1562015074,121839616
1562015075,121839616
1562015076,121839616
1562015077,121839616
1562015078,121839616
1562015079,121839616
1562015080,121839616
1562015081,121839616
1562015082,121839616
1562015083,121839616
1562015084,121839616
1562015085,121839616
1562015086,121839616
1562015087,121839616
1562015088,121839616
1562015089,121839616
1562015090,121839616
1562015091,121839616
1562015092,121839616
1562015093,121839616
1562015094,121839616
1562015095,121839616
1562015096,121839616
1562015097,121839616
1562015098,121839616
1562015099,121839616
1562015100,121839616
1562015101,121839616
1562015102,121839616
1562015103,121839616
1562015104,121839616
1562015105,121839616
1562015106,121839616
1562015107,121839616
1562015108,121839616
1562015109,121839616
1562015110,121839616
1562015111,121839616
1562015112,121839616
1562015113,121839616
1562015114,121839616
1562015115,121839616
1562015116,121839616
1562015117,121839616
1562015118,121839616
1562015119,121839616
1562015120,121839616
1562015121,121839616
1562015122,121839616
1562015123,121839616
1562015124,121839616
1562015125,121839616
1562015126,121839616
1562015127,121839616
1562015128,121839616
1562015129,121839616
1562015130,121839616
1562015131,121839616
1562015132,121839616
1562015133,121839616
1562015134,121839616
1562015135,121839616
1562015136,121839616
1562015137,121839616
1562015138,121839616
1562015139,121839616
1562015140,121839616
1562015141,121839616
1562015142,121839616
1562015143,121839616
1562015144,121839616
1562015145,121839616
1562015146,121839616
1562015147,121839616
1562015148,121839616
1562015149,121839616
1562015150,121839616
1562015151,121839616
1562015152,121839616
1562015153,121839616
1562015154,121839616
1562015155,121839616
1562015156,121839616
1562015157,121839616
1562015158,121839616
1562015159,121839616
1562015160,121839616
1562015161,121839616
1562015162,121839616
1562015163,121839616
1562015164,121839616
1562015165,121839616
1562015166,121839616
1562015167,121839616
1562015168,121839616
1562015169,121839616
1562015170,121839616
1562015171,121839616
1562015172,121839616
1562015173,121839616
1562015174,121839616
1562015175,121839616
1562015176,121839616
1562015177,121839616
1562015178,121839616
1562015179,121839616
1562015180,121839616
1562015181,121839616
1562015182,121839616
1562015183,121839616
1562015184,121839616
1562015185,121839616
1562015186,121839616
1562015187,121839616
1562015188,121839616
1562015189,121839616
1562015190,121839616
1562015191,121839616
1562015192,121839616
1562015193,121839616
1562015194,121839616
1562015195,121839616
1562015196,121839616
1562015197,121839616
1562015198,121839616
1562015199,121839616
1562015200,121839616
1562015201,121839616
1562015202,121839616
1562015203,121839616
1562015204,121839616
1562015205,121839616
1562015206,121839616
1562015207,121839616
1562015208,121839616
1562015209,121839616
1562015210,121839616
1562015211,121839616
1562015212,121839616
1562015213,121839616
1562015214,121839616
1562015215,121839616
1562015216,121839616
1562015217,121839616
1562015218,121839616
1562015219,121839616
1562015220,121839616
1562015221,121839616
1562015222,121839616
1562015223,121839616
1562015224,121839616
1562015225,121839616
1562015226,121839616
1562015227,121839616
1562015228,121839616
1562015229,121839616
1562015230,121839616
1562015231,121839616
1562015232,121839616
1562015233,121839616
1562015234,121839616
1562015235,121839616
1562015236,121839616
1562015237,121839616
1562015238,121839616
1562015239,121839616
1562015240,121839616
1562015241,121839616
1562015242,121839616
1562015243,121839616
1562015244,121839616
1562015245,121839616
1562015246,121839616
1562015247,121839616
1562015248,121839616
1562015249,121839616
1562015250,121839616
1562015251,121839616
1562015252,121839616
1562015253,121839616
1562015254,121839616
1562015255,121839616
1562015256,121839616
1562015257,121839616
1562015258,121839616
1562015259,121839616
1562015260,121839616
1562015261,121839616
1562015262,121839616
1562015263,121839616
1562015264,121839616
1562015265,121839616
1562015266,121839616
1562015267,121839616
1562015268,121839616
1562015269,121839616
1562015270,121839616
1562015271,121839616
1562015272,121839616
1562015273,121839616
1562015274,121839616
1562015275,121839616
1562015276,121839616
1562015277,121839616
1562015278,121839616
1562015279,121839616
1562015280,121839616
1562015281,121839616
1562015282,121839616
1562015283,121839616
1562015284,121839616
1562015285,121839616
1562015286,121839616
1562015287,121839616
1562015288,121839616
1562015289,121839616
1562015290,121839616
1562015291,121839616
1562015292,121839616
1562015293,121839616
1562015294,121839616
1562015295,121839616
1562015296,121839616
1562015297,121839616
1562015298,121839616
1562015299,121839616
1562015300,121839616
1562015301,121839616
1562015302,121839616
1562015303,121839616
1562015304,121839616
1562015305,121839616
1562015306,121839616
1562015307,121839616
1562015308,121839616
1562015309,121839616
1562015310,121839616
1562015311,121839616
1562015312,121839616
1562015313,121839616
1562015314,121839616
1562015315,121839616
1562015316,121839616
1562015317,121839616
1562015318,121839616
1562015319,121839616
1562015320,121839616
1562015321,121839616
1562015322,121839616
1562015323,121839616
1562015324,121839616
1562015325,121839616
1562015326,121839616
1562015327,121839616
1562015328,121839616
1562015329,121839616
1562015330,121839616
1562015331,121839616
1562015332,121839616
1562015333,121839616
1562015334,121839616
1562015335,121839616
1562015336,121839616
1562015337,121839616
1562015338,121839616
1562015339,121839616
1562015340,121839616
1562015341,121839616
1562015342,121839616
1562015343,121839616
1562015344,121839616
1562015345,121839616
1562015346,121839616
1562015347,121839616
1562015348,121839616
1562015349,121839616
1562015350,121839616
1562015351,121839616
1562015352,121839616
1562015353,121839616
1562015354,121839616
1562015355,121839616
1562015356,121839616
1562015357,121839616
1562015358,121839616
1562015359,121839616
1562015360,121839616
1562015361,121839616
1562015362,121839616
1562015363,121839616
1562015364,121839616
1562015365,121839616
1562015366,121839616
1562015367,121839616
1562015368,121839616
1562015369,121839616
1562015370,121839616
1562015371,121839616
1562015372,121839616
1562015373,121839616
1562015374,121839616
1562015375,121839616
1562015376,121839616
1562015377,121839616
1562015378,121839616
1562015379,121839616
1562015380,121839616
1562015381,121839616
1562015382,121839616
1562015383,121839616
1562015384,121839616
1562015385,121839616
1562015386,121839616
1562015387,121839616
1562015388,121839616
1562015389,121839616
1562015390,121839616
1562015391,121839616
1562015392,121839616
1562015393,121839616
1562015394,121839616
1562015395,121839616
1562015396,121839616
1562015397,121839616
1562015398,121839616
1562015399,121839616
1562015400,121839616
1562015401,121839616
1562015402,121839616
1562015403,121839616
1562015404,121839616
1562015405,121839616
1562015406,121839616
1562015407,121839616
1562015408,121839616
1562015409,121839616
1562015410,121839616
1562015411,121839616
1562015412,121839616
1562015413,121839616
1562015414,121839616
1562015415,121839616
1562015416,121839616
1562015417,121839616
1562015418,121839616
1562015419,121839616
1562015420,121839616
1562015421,121839616
1562015422,121839616
1562015423,121839616
1562015424,121839616
1562015425,121839616
1562015426,121839616
1562015427,121839616
1562015428,121839616
1562015429,121839616
1562015430,121839616
1562015431,121839616
1562015432,121839616
1562015433,121839616
1562015434,121839616
1562015435,121839616
1562015436,121839616
1562015437,121839616
1562015438,121839616
1562015439,121839616
1562015440,121839616
1562015441,121839616
1562015442,121839616
1562015443,121839616
1562015444,121839616
1562015445,121839616
1562015446,121839616
1562015447,121839616
1562015448,121839616
1562015449,121839616
1562015450,121839616
1562015451,121839616
1562015452,121839616
1562015453,121839616
1562015454,121839616
1562015455,121839616
1562015456,121839616
1562015457,121839616
1562015458,121839616
1562015459,121839616
1562015460,121839616
1562015461,121839616
1562015462,121839616
1562015463,121839616
1562015464,121839616
1562015465,121839616
1562015466,121839616
1562015467,121839616
1562015468,121839616
1562015469,121839616
1562015470,121839616
1562015471,121839616
1562015472,121839616
1562015473,121839616
1562015474,121839616
1562015475,121839616
1562015476,121839616
1562015477,121839616
1562015478,121839616
1562015479,121839616
1562015480,121839616
1562015481,121839616
1562015482,121839616
1562015483,121839616
1562015484,121839616
1562015485,121839616
1562015486,121839616
1562015487,121839616
1562015488,121839616
1562015489,121839616
1562015490,121839616
1562015491,121839616
1562015492,121839616
1562015493,121839616
1562015494,121839616
1562015495,121839616
1562015496,121839616
1562015497,121839616
1562015498,121839616
1562015499,121839616
1562015500,121839616
1562015501,121839616
1562015502,121839616
1562015503,121839616
1562015504,121839616
1562015505,121839616
1562015506,121839616
1562015507,121839616
1562015508,121839616
1562015509,121839616
1562015510,121839616
1562015511,121839616
1562015512,121839616
1562015513,121839616
1562015514,121839616
1562015515,121839616
1562015516,121839616
1562015517,121839616
1562015518,121839616
1562015519,121839616
1562015520,121839616
1562015521,121839616
1562015522,121839616
1562015523,121839616
1562015524,121839616
1562015525,121839616
1562015526,121839616
1562015527,121839616
1562015528,121839616
1562015529,121839616
1562015530,121839616
1562015531,121839616
1562015532,121839616
1562015533,121839616
1562015534,121839616
1562015535,121839616
1562015536,121839616
1562015537,121839616
1562015538,121839616
1562015539,121839616
1562015540,121839616
1562015541,121839616
1562015542,121839616
1562015543,121839616
1562015544,121839616
1562015545,121839616
1562015546,121839616
1562015547,121839616
1562015548,121839616
1562015549,121839616
1562015550,121839616
1562015551,121839616
1562015552,121839616
1562015553,121839616
1562015554,121839616
1562015555,121839616
1562015556,121839616
1562015557,121839616
1562015558,121839616
1562015559,121839616
1562015560,121839616
1562015561,121839616
1562015562,121839616
1562015563,121839616
1562015564,121839616
1562015565,121839616
1562015566,121839616
1562015567,121839616
1562015568,121839616
1562015569,121839616
1562015570,121839616
1562015571,121839616
1562015572,121839616
1562015573,121839616
1562015574,121839616
1562015575,121839616
1562015576,121839616
1562015577,121839616
1562015578,121839616
1562015579,121839616
1562015580,121839616
1562015581,121839616
1562015582,121839616
1562015583,121839616
1562015584,121839616
1562015585,121839616
1562015586,121839616
1562015587,121839616
1562015588,121839616
1562015589,121839616
1562015590,121839616
1562015591,121839616
1562015592,121839616
1562015593,121839616
1562015594,121839616
1562015595,121839616
1562015596,121839616
1562015597,121839616
1562015598,121839616
1562015599,121839616
1562015600,121839616
1562015601,121839616
1562015602,121839616
1562015603,121839616
1562015604,121839616
1562015605,121839616
1562015606,121839616
1562015607,121839616
1562015608,121839616
1562015609,121839616
1562015610,121839616
1562015611,121839616
1562015612,121839616
1562015613,121839616
1562015614,121839616
1562015615,121839616
1562015616,121839616
1562015617,121839616
1562015618,121839616
1562015619,121839616
1562015620,121839616
1562015621,121839616
1562015622,121839616
1562015623,121839616
1562015624,121839616
1562015625,121839616
1562015626,121839616
1562015627,121839616
1562015628,121839616
1562015629,121839616
1562015630,121839616
1562015631,121839616
1562015632,121839616
1562015633,121839616
1562015634,121839616
1562015635,121839616
1562015636,121839616
1562015637,121839616
1562015638,121839616
1562015639,121839616
1562015640,121839616
1562015641,121839616
1562015642,121839616
1562015643,121839616
1562015644,121839616
1562015645,121839616
1562015646,121839616
1562015647,121839616
1562015648,121839616
1562015649,121839616
1562015650,121839616
1562015651,121839616
1562015652,121839616
1562015653,121839616
1562015654,121839616
1562015655,121839616
1562015656,121839616
1562015657,121839616
1562015658,121839616
1562015659,121839616
1562015660,121839616
1562015661,121839616
1562015662,121839616
1562015663,121839616
1562015664,121839616
1562015665,121839616
1562015666,121839616
1562015667,121839616
1562015668,121839616
1562015669,121839616
1562015670,121839616
1562015671,121839616
1562015672,121839616
1562015673,121839616
1562015674,121839616
1562015675,121839616
1562015676,121839616
1562015677,121839616
1562015678,121839616
1562015679,121839616
1562015680,121839616
1562015681,121839616
1562015682,121839616
1562015683,121839616
1562015684,121839616
1562015685,121839616
1562015686,121839616
1562015687,121839616
1562015688,121839616
1562015689,121839616
1562015690,121839616
1562015691,121839616
1562015692,121839616
1562015693,121839616
1562015694,121839616
1562015695,121839616
1562015696,121839616
1562015697,121839616
1562015698,121839616
1562015699,121839616
1562015700,121839616
1562015701,121839616
1562015702,121839616
1562015703,121839616
1562015704,121839616
1562015705,121839616
1562015706,121839616
1562015707,121839616
1562015708,121839616
1562015709,121839616
1562015710,121839616
1562015711,121839616
1562015712,121839616
1562015713,121839616
1562015714,121839616
1562015715,121839616
1562015716,121839616
1562015717,121839616
1562015718,121839616
1562015719,121839616
1562015720,121839616
1562015721,121839616
1562015722,121839616
1562015723,121839616
1562015724,121839616
1562015725,121839616
1562015726,121839616
1562015727,121839616
1562015728,121839616
1562015729,121839616
1562015730,121839616
1562015731,121839616
1562015732,121839616
1562015733,121839616
1562015734,121839616
1562015735,121839616
1562015736,121839616
1562015737,121839616
1562015738,121839616
1562015739,121839616
1562015740,121839616
1562015741,121839616
1562015742,121839616
1562015743,121839616
1562015744,121839616
1562015745,121839616
1562015746,121839616
1562015747,121839616
1562015748,121839616
1562015749,121839616
1562015750,121839616
1562015751,121839616
1562015752,121839616
1562015753,121839616
1562015754,121839616
1562015755,121839616
1562015756,121839616
1562015757,121839616
1562015758,121839616
1562015759,121839616
1562015760,121839616
1562015761,121839616
1562015762,121839616
1562015763,121839616
1562015764,121839616
1562015765,121839616
1562015766,121839616
1562015767,121839616
1562015768,121839616
1562015769,121839616
1562015770,121839616
1562015771,121839616
1562015772,121839616
1562015773,121839616
1562015774,121839616
1562015775,121839616
1562015776,121839616
1562015777,121839616
1562015778,121839616
1562015779,121839616
1562015780,121839616
1562015781,121839616
1562015782,121839616
1562015783,121839616
1562015784,121839616
1562015785,121839616
1562015786,121839616
1562015787,121839616
1562015788,121839616
1562015789,121839616
1562015790,121839616
1562015791,121839616
1562015792,121839616
1562015793,121839616
1562015794,121839616
1562015795,121839616
1562015796,121839616
1562015797,121839616
1562015798,121839616
1562015799,121839616
1562015800,121839616
1562015801,121839616
1562015802,121839616
1562015803,121839616
1562015804,121839616
1562015805,121839616
1562015806,121839616
1562015807,121839616
1562015808,121839616
1562015809,121839616
1562015810,121839616
1562015811,121839616
1562015812,121839616
1562015813,121839616
1562015814,121839616
1562015815,121839616
1562015816,121839616
1562015817,121839616
1562015818,121839616
1562015819,121839616
1562015820,121839616
1562015821,121839616
1562015822,121839616
1562015823,121839616
1562015824,121839616
1562015825,121839616
1562015826,121839616
1562015827,121839616
1562015828,121839616
1562015829,121839616
1562015830,121839616
1562015831,121839616
1562015832,121839616
1562015833,121839616
1562015834,121839616
1562015835,121839616
1562015836,121839616
1562015837,121839616
1562015838,121839616
1562015839,121839616
1562015840,121839616
1562015841,121839616
1562015842,121839616
1562015843,121839616
1562015844,121839616
1562015845,121839616
1562015846,121839616
1562015847,121839616
1562015848,121839616
1562015849,121839616
1562015850,121839616
1562015851,121839616
1562015852,121839616
1562015853,121839616
1562015854,121839616
1562015855,121839616
1562015856,121839616
1562015857,121839616
1562015858,121839616
1562015859,121839616
1562015860,121839616
1562015861,121839616
1562015862,121839616
1562015863,121839616
1562015864,121839616
1562015865,121839616
1562015866,121839616
1562015867,121839616
1562015868,121839616
1562015869,121839616
1562015870,121839616
1562015871,121839616
1562015872,121839616
1562015873,121839616
1562015874,121839616
1562015875,121839616
1562015876,121839616
1562015877,121839616
1562015878,121839616
1562015879,121839616
1562015880,121839616
1562015881,121839616
1562015882,121839616
1562015883,121839616
1562015884,121839616
1562015885,121839616
1562015886,121839616
1562015887,121839616
1562015888,121839616
1562015889,121839616
1562015890,121839616
1562015891,121839616
1562015892,121839616
1562015893,121839616
1562015894,121839616
1562015895,121839616
1562015896,121839616
1562015897,121839616
1562015898,121839616
1562015899,121839616
1562015900,121839616
1562015901,121839616
1562015902,121839616
1562015903,121839616
1562015904,121839616
1562015905,121839616
1562015906,121839616
1562015907,121839616
1562015908,121839616
1562015909,121839616
1562015910,121839616
1562015911,121839616
1562015912,121839616
1562015913,121839616
1562015914,121839616
1562015915,121839616
1562015916,121839616
1562015917,121843712
1562015918,121839616
1562015919,121839616
1562015920,121839616
1562015921,121839616
1562015922,121839616
1562015923,121839616
1562015924,121839616
1562015925,121839616
1562015926,121839616
1562015927,121839616
1562015928,121839616
1562015929,121839616
1562015930,121839616
1562015931,121839616
1562015932,121839616
1562015933,121839616
1562015934,121839616
1562015935,121839616
1562015936,121839616
1562015937,121839616
1562015938,121839616
1562015939,121839616
1562015940,121839616
1562015941,121839616
1562015942,121839616
1562015943,121839616
1562015944,121839616
1562015945,121839616
1562015946,121839616
1562015947,121839616
1562015948,121839616
1562015949,121839616
1562015950,121839616
1562015951,121839616
1562015952,121839616
1562015953,121839616
1562015954,121839616
1562015955,121839616
1562015956,121839616
1562015957,121839616
1562015958,121839616
1562015959,121839616
1562015960,121839616
1562015961,121839616
1562015962,121839616
1562015963,121839616
1562015964,121839616
1562015965,121839616
1562015966,121839616
1562015967,121839616
1562015968,121839616
1562015969,121839616
1562015970,121839616
1562015971,121839616
1562015972,121839616
1562015973,121839616
1562015974,121839616
1562015975,121839616
1562015976,121839616
1562015977,121839616
1562015978,121839616
1562015979,121839616
1562015980,121839616
1562015981,121839616
1562015982,121839616
1562015983,121839616
1562015984,121839616
1562015985,121839616
1562015986,121839616
1562015987,121839616
1562015988,121839616
1562015989,121839616
1562015990,121839616
1562015991,121839616
1562015992,121839616
1562015993,121839616
1562015994,121839616
1562015995,121839616
1562015996,121839616
1562015997,121839616
1562015998,121839616
1562015999,121839616
1562016000,121839616
1562016001,121839616
1562016002,121839616
1562016003,121839616
1562016004,121839616
1562016005,121839616
1562016006,121839616
1562016007,121839616
1562016008,121839616
1562016009,121839616
1562016010,121839616
1562016011,121839616
1562016012,121839616
1562016013,121839616
1562016014,121839616
1562016015,121839616
1562016016,121839616
1562016017,121839616
1562016018,121839616
1562016019,121839616
1562016020,121839616
1562016021,121839616
1562016022,121839616
1562016023,121839616
1562016024,121839616
1562016025,121839616
1562016026,121839616
1562016027,121839616
1562016028,121839616
1562016029,121839616
1562016030,121839616
1562016031,121839616
1562016032,121839616
1562016033,121839616
1562016034,121839616
1562016035,121839616
1562016036,121839616
1562016037,121839616
1562016038,121839616
1562016039,121839616
1562016040,121839616
1562016041,121839616
1562016042,121839616
1562016043,121839616
1562016044,121839616
1562016045,121839616
1562016046,121839616
1562016047,121839616
1562016048,121839616
1562016049,121839616
1562016050,121839616
1562016051,121839616
1562016052,121839616
1562016053,121839616
1562016054,121839616
1562016055,121839616
1562016056,121839616
1562016057,121839616
1562016058,121839616
1562016059,121839616
1562016060,121839616
1562016061,121839616
1562016062,121839616
1562016063,121839616
1562016064,121839616
1562016065,121839616
1562016066,121839616
1562016067,121839616
1562016068,121839616
1562016069,121839616
1562016070,121839616
1562016071,121839616
1562016072,121839616
1562016073,121839616
1562016074,121839616
1562016075,121839616
1562016076,121839616
1562016077,121839616
1562016078,121839616
1562016079,121839616
1562016080,121839616
1562016081,121839616
1562016082,121839616
1562016083,121839616
1562016084,121839616
1562016085,121839616
1562016086,121839616
1562016087,121839616
1562016088,121839616
1562016089,121839616
1562016090,121839616
1562016091,121839616
1562016092,121839616
1562016093,121839616
1562016094,121839616
1562016095,121839616
1562016096,121839616
1562016097,121839616
1562016098,121839616
1562016099,121839616
1562016100,121839616
1562016101,121839616
1562016102,121839616
1562016103,121839616
1562016104,121839616
1562016105,121839616
1562016106,121839616
1562016107,121839616
1562016108,121839616
1562016109,121839616
1562016110,121839616
1562016111,121839616
1562016112,121839616
1562016113,121839616
1562016114,121839616
1562016115,121839616
1562016116,121839616
1562016117,121839616
1562016118,121839616
1562016119,121839616
1562016120,121839616
1562016121,121839616
1562016122,121839616
1562016123,121839616
1562016124,121839616
1562016125,121839616
1562016126,121839616
1562016127,121839616
1562016128,121839616
1562016129,121839616
1562016130,121839616
1562016131,121839616
1562016132,121839616
1562016133,121839616
1562016134,121839616
1562016135,121839616
1562016136,121839616
1562016137,121839616
1562016138,121839616
1562016139,121839616
1562016140,121839616
1562016141,121839616
1562016142,121839616
1562016143,121839616
1562016144,121839616
1562016145,121839616
1562016146,121839616
1562016147,121839616
1562016148,121839616
1562016149,121839616
1562016150,121839616
1562016151,121839616
1562016152,121839616
1562016153,121839616
1562016154,121839616
1562016155,121839616
1562016156,121839616
1562016157,121839616
1562016158,121839616
1562016159,121839616
1562016160,121839616
1562016161,121839616
1562016162,121839616
1562016163,121839616
1562016164,121839616
1562016165,121839616
1562016166,121839616
1562016167,121839616
1562016168,121839616
1562016169,121839616
1562016170,121839616
1562016171,121839616
1562016172,121839616
1562016173,121839616
1562016174,121839616
1562016175,121839616
1562016176,121839616
1562016177,121839616
1562016178,121839616
1562016179,121839616
1562016180,121839616
1562016181,121839616
1562016182,121839616
1562016183,121839616
1562016184,121839616
1562016185,121839616
1562016186,121839616
1562016187,121839616
1562016188,121839616
1562016189,121839616
1562016190,121839616
1562016191,121839616
1562016192,121839616
1562016193,121839616
1562016194,121839616
1562016195,121839616
1562016196,121839616
1562016197,121839616
1562016198,121839616
1562016199,121839616
1562016200,121839616
1562016201,121839616
1562016202,121839616
1562016203,121839616
1562016204,121839616
1562016205,121839616
1562016206,121839616
1562016207,121839616
1562016208,121839616
1562016209,121839616
1562016210,121839616
1562016211,121839616
1562016212,121839616
1562016213,121839616
1562016214,121839616
1562016215,121839616
1562016216,121839616
1562016217,121839616
1562016218,121839616
1562016219,121839616
1562016220,121839616
1562016221,121839616
1562016222,121839616
1562016223,121839616
1562016224,121839616
1562016225,121839616
1562016226,121839616
1562016227,121839616
1562016228,121839616
1562016229,121839616
1562016230,121839616
1562016231,121839616
1562016232,121839616
1562016233,121839616
1562016234,121839616
1562016235,121839616
1562016236,121839616
1562016237,121839616
1562016238,121839616
1562016239,121839616
1562016240,121839616
1562016241,121839616
1562016242,121839616
1562016243,121839616
1562016244,121839616
1562016245,121839616
1562016246,121839616
1562016247,121839616
1562016248,121839616
1562016249,121839616
1562016250,121839616
1562016251,121839616
1562016252,121839616
1562016253,121839616
1562016254,121839616
1562016255,121839616
1562016256,121839616
1562016257,121839616
1562016258,121839616
1562016259,121839616
1562016260,121839616
1562016261,121839616
1562016262,121839616
1562016263,121839616
1562016264,121839616
1562016265,121839616
1562016266,121839616
1562016267,121839616
1562016268,121839616
1562016269,121839616
1562016270,121839616
1562016271,121839616
1562016272,121839616
1562016273,121839616
1562016274,121839616
1562016275,121839616
1562016276,121839616
1562016277,121839616
1562016278,121839616
1562016279,121839616
1562016280,121839616
1562016281,121839616
1562016282,121839616
1562016283,121839616
1562016284,121839616
1562016285,121839616
1562016286,121839616
1562016287,121839616
1562016288,121839616
1562016289,121839616
1562016290,121839616
1562016291,121839616
1562016292,121839616
1562016293,121839616
1562016294,121839616
1562016295,121839616
1562016296,121839616
1562016297,121839616
1562016298,121839616
1562016299,121839616
1562016300,121839616
1562016301,121839616
1562016302,121839616
1562016303,121839616
1562016304,121839616
1562016305,121839616
1562016306,121839616
1562016307,121839616
1562016308,121839616
1562016309,121839616
1562016310,121839616
1562016311,121839616
1562016312,121839616
1562016313,121839616
1562016314,121839616
1562016315,121839616
1562016316,121839616
1562016317,121839616
1562016318,121839616
1562016319,121839616
1562016320,121839616
1562016321,121839616
1562016322,121839616
1562016323,121839616
1562016324,121839616
1562016325,121839616
1562016326,121839616
1562016327,121839616
1562016328,121839616
1562016329,121839616
1562016330,121839616
1562016331,121839616
1562016332,121839616
1562016333,121839616
1562016334,121839616
1562016335,121839616
1562016336,121839616
1562016337,121839616
1562016338,121839616
1562016339,121839616
1562016340,121839616
1562016341,121839616
1562016342,121839616
1562016343,121839616
1562016344,121839616
1562016345,121839616
1562016346,121839616
1562016347,121839616
1562016348,121839616
1562016349,121839616
1562016350,121839616
1562016351,121839616
1562016352,121839616
1562016353,121839616
1562016354,121839616
1562016355,121839616
1562016356,121839616
1562016357,121839616
1562016358,121839616
1562016359,121839616
1562016360,121839616
1562016361,121839616
1562016362,121839616
1562016363,121839616
1562016364,121839616
1562016365,121839616
1562016366,121839616
1562016367,121839616
1562016368,121839616
1562016369,121839616
1562016370,121839616
1562016371,121839616
1562016372,121839616
1562016373,121839616
1562016374,121839616
1562016375,121839616
1562016376,121839616
1562016377,121839616
1562016378,121839616
1562016379,121839616
1562016380,121839616
1562016381,121839616
1562016382,121839616
1562016383,121839616
1562016384,121839616
1562016385,121839616
1562016386,121839616
1562016387,121839616
1562016388,121839616
1562016389,121839616
1562016390,121839616
1562016391,121839616
1562016392,121839616
1562016393,121839616
1562016394,121839616
1562016395,121839616
1562016396,121839616
1562016397,121839616
1562016398,121839616
1562016399,121839616
1562016400,121839616
1562016401,121839616
1562016402,121839616
1562016403,121839616
1562016404,121839616
1562016405,121839616
1562016406,121839616
1562016407,121839616
1562016408,121839616
1562016409,121839616
1562016410,121839616
1562016411,121839616
1562016412,121839616
1562016413,121839616
1562016414,121839616
1562016415,121839616
1562016416,121839616
1562016417,121839616
1562016418,121839616
1562016419,121839616
1562016420,121839616
1562016421,121839616
1562016422,121839616
1562016423,121839616
1562016424,121839616
1562016425,121839616
1562016426,121839616
1562016427,121839616
1562016428,121839616
1562016429,121839616
1562016430,121839616
1562016431,121839616
1562016432,121839616
1562016433,121839616
1562016434,121839616
1562016435,121839616
1562016436,121839616
1562016437,121839616
1562016438,121839616
1562016439,121839616
1562016440,121839616
1562016441,121839616
1562016442,121839616
1562016443,121839616
1562016444,121839616
1562016445,121839616
1562016446,121839616
1562016447,121839616
1562016448,121839616
1562016449,121839616
1562016450,121839616
1562016451,121839616
1562016452,121839616
1562016453,121839616
1562016454,121839616
1562016455,121839616
1562016456,121839616
1562016457,121839616
1562016458,121839616
1562016459,121839616
1562016460,121839616
1562016461,121839616
1562016462,121839616
1562016463,121839616
1562016464,121839616
1562016465,121839616
1562016466,121839616
1562016467,121839616
1562016468,121839616
1562016469,121839616
1562016470,121839616
1562016471,121839616
1562016472,121839616
1562016473,121839616
1562016474,121839616
1562016475,121839616
1562016476,121839616
1562016477,121839616
1562016478,121839616
1562016479,121839616
1562016480,121839616
1562016481,121839616
1562016482,121839616
1562016483,121839616
1562016484,121839616
1562016485,121839616
1562016486,121839616
1562016487,121839616
1562016488,121839616
1562016489,121839616
1562016490,121839616
1562016491,121839616
1562016492,121839616
1562016493,121839616
1562016494,121839616
1562016495,121839616
1562016496,121839616
1562016497,121839616
1562016498,121839616
1562016499,121839616
1562016500,121839616
1562016501,121839616
1562016502,121839616
1562016503,121839616
1562016504,121839616
1562016505,121839616
1562016506,121839616
1562016507,121839616
1562016508,121839616
1562016509,121839616
1562016510,121839616
1562016511,121839616
1562016512,121839616
1562016513,121839616
1562016514,121839616
1562016515,121839616
1562016516,121839616
1562016517,121839616
1562016518,121839616
1562016519,121839616
1562016520,121839616
1562016521,121839616
1562016522,121839616
1562016523,121839616
1562016524,121839616
1562016525,121839616
1562016526,121839616
1562016527,121839616
1562016528,121839616
1562016529,121839616
1562016530,121839616
1562016531,121839616
1562016532,121839616
1562016533,121839616
1562016534,121839616
1562016535,121839616
1562016536,121839616
1562016537,121839616
1562016538,121839616
1562016539,121839616
1562016540,121839616
1562016541,121839616
1562016542,121839616
1562016543,121839616
1562016545,121839616
1562016546,121839616
1562016547,121839616
1562016548,121839616
1562016549,121839616
1562016550,121839616
1562016551,121839616
1562016552,121839616
1562016553,121839616
1562016554,121839616
1562016555,121839616
1562016556,121839616
1562016557,121839616
1562016558,121839616
1562016559,121839616
1562016560,121839616
1562016561,121839616
1562016562,121839616
1562016563,121839616
1562016564,121839616
1562016565,121839616
1562016566,121839616
1562016567,121839616
1562016568,121839616
1562016569,121839616
1562016570,121839616
1562016571,121839616
1562016572,121839616
1562016573,121839616
1562016574,121839616
1562016575,121839616
1562016576,121839616
1562016577,121839616
1562016578,121839616
1562016579,121839616
1562016580,121839616
1562016581,121839616
1562016582,121839616
1562016583,121839616
1562016584,121839616
1562016585,121839616
1562016586,121839616
1562016587,121839616
1562016588,121839616
1562016589,121839616
1562016590,121839616
1562016591,121839616
1562016592,121839616
1562016593,121839616
1562016594,121839616
1562016595,121839616
1562016596,121839616
1562016597,121839616
1562016598,121839616
1562016599,121839616
1562016600,121839616
1562016601,121839616
1562016602,121839616
1562016603,121839616
1562016604,121839616
1562016605,121839616
1562016606,121839616
1562016607,121839616
1562016608,121839616
1562016609,121839616
1562016610,121839616
1562016611,121839616
1562016612,121839616
1562016613,121839616
1562016614,121839616
1562016615,121839616
1562016616,121839616
1562016617,121839616
1562016618,121839616
1562016619,121839616
1562016620,121839616
1562016621,121839616
1562016622,121839616
1562016623,121839616
1562016624,121839616
1562016625,121839616
1562016626,121839616
1562016627,121839616
1562016628,121839616
1562016629,121839616
1562016630,121839616
1562016631,121839616
1562016632,121839616
1562016633,121839616
1562016634,121839616
1562016635,121839616
1562016636,121839616
1562016637,121839616
1562016638,121839616
1562016639,121839616
1562016640,121839616
1562016641,121839616
1562016642,121839616
1562016643,121839616
1562016644,121839616
1562016645,121839616
1562016646,121839616
1562016647,121839616
1562016648,121839616
1562016649,121839616
1562016650,121839616
1562016651,121839616
1562016652,121839616
1562016653,121839616
1562016654,121839616
1562016655,121839616
1562016656,121839616
1562016657,121839616
1562016658,121839616
1562016659,121839616
1562016660,121839616
1562016661,121839616
1562016662,121839616
1562016663,121839616
1562016664,121839616
1562016665,121839616
1562016666,121839616
1562016667,121839616
1562016668,121839616
1562016669,121839616
1562016670,121839616
1562016671,121839616
1562016672,121839616
1562016673,121839616
1562016674,121839616
1562016675,121839616
1562016676,121839616
1562016677,121839616
1562016678,121839616
1562016679,121839616
1562016680,121839616
1562016681,121839616
1562016682,121839616
1562016683,121839616
1562016684,121839616
1562016685,121839616
1562016686,121839616
1562016687,121839616
1562016688,121839616
1562016689,121839616
1562016690,121839616
1562016691,121839616
1562016692,121839616
1562016693,121839616
1562016694,121839616
1562016695,121839616
1562016696,121839616
1562016697,121839616
1562016698,121839616
1562016699,121839616
1562016700,121839616
1562016701,121839616
1562016702,121839616
1562016703,121839616
1562016704,121839616
1562016705,121839616
1562016706,121839616
1562016707,121839616
1562016708,121839616
1562016709,121839616
1562016710,121839616
1562016711,121839616
1562016712,121839616
1562016713,121839616
1562016714,121839616
1562016715,121839616
1562016716,121839616
1562016717,121839616
1562016718,121839616
1562016719,121839616
1562016720,121839616
1562016721,121839616
1562016722,121839616
1562016723,121839616
1562016724,121839616
1562016725,121839616
1562016726,121839616
1562016727,121839616
1562016728,121839616
1562016729,121839616
1562016730,121839616
1562016731,121839616
1562016732,121839616
1562016733,121839616
1562016734,121839616
1562016735,121839616
1562016736,121839616
1562016737,121839616
1562016738,121839616
1562016739,121839616
1562016740,121839616
1562016741,121839616
1562016742,121839616
1562016743,121839616
1562016744,121839616
1562016745,121839616
1562016746,121839616
1562016747,121839616
1562016748,121839616
1562016749,121839616
1562016750,121839616
1562016751,121839616
1562016752,121839616
1562016753,121839616
1562016754,121839616
1562016755,121839616
1562016756,121839616
1562016757,121839616
1562016758,121839616
1562016759,121839616
1562016760,121839616
1562016761,121839616
1562016762,121839616
1562016763,121839616
1562016764,121839616
1562016765,121839616
1562016766,121839616
1562016767,121839616
1562016768,121839616
1562016769,121839616
1562016770,121839616
1562016771,121839616
1562016772,121839616
1562016773,121839616
1562016774,121839616
1562016775,121839616
1562016776,121839616
1562016777,121839616
1562016778,121839616
1562016779,121839616
1562016780,121839616
1562016781,121839616
1562016782,121839616
1562016783,121839616
1562016784,121839616
1562016785,121839616
1562016786,121839616
1562016787,121839616
1562016788,121839616
1562016789,121839616
1562016790,121839616
1562016791,121839616
1562016792,121839616
1562016793,121839616
1562016794,121839616
1562016795,121839616
1562016796,121839616
1562016797,121839616
1562016798,121839616
1562016799,121839616
1562016800,121839616
1562016801,121839616
1562016802,121839616
1562016803,121839616
1562016804,121839616
1562016805,121839616
1562016806,121839616
1562016807,121839616
1562016808,121839616
1562016809,121839616
1562016810,121839616
1562016811,121839616
1562016812,121839616
1562016813,121839616
1562016814,121839616
1562016815,121839616
1562016816,121839616
1562016817,121839616
1562016818,121839616
1562016819,121839616
1562016820,121839616
1562016821,121839616
1562016822,121839616
1562016823,121839616
1562016824,121839616
1562016825,121839616
1562016826,121839616
1562016827,121839616
1562016828,121839616
1562016829,121839616
1562016830,121839616
1562016831,121839616
1562016832,121839616
1562016833,121839616
1562016834,121839616
1562016835,121839616
1562016836,121839616
1562016837,121839616
1562016838,121839616
1562016839,121839616
1562016840,121839616
1562016841,121839616
1562016842,121839616
1562016843,121839616
1562016844,121839616
1562016845,121839616
1562016846,121839616
1562016847,121839616
1562016848,121839616
1562016849,121839616
1562016850,121839616
1562016851,121839616
1562016852,121839616
1562016853,121839616
1562016854,121839616
1562016855,121839616
1562016856,121839616
1562016857,121839616
1562016858,121839616
1562016859,121839616
1562016860,121839616
1562016861,121839616
1562016862,121839616
1562016863,121839616
1562016864,121839616
1562016865,121839616
1562016866,121839616
1562016867,121839616
1562016868,121839616
1562016869,120258560
1562016870,120258560
1562016871,120258560
1562016872,120258560
1562016873,120258560
1562016874,120258560
1562016875,120258560
1562016876,120258560
1562016877,120258560
1562016878,120258560
1562016879,120258560
1562016880,120258560
1562016881,120258560
1562016882,120258560
1562016883,120258560
1562016884,120258560
1562016885,120258560
1562016886,120258560
1562016887,120258560
1562016888,120258560
1562016889,120258560
1562016890,120258560
1562016891,120258560
1562016892,120258560
1562016893,120258560
1562016894,120258560
1562016895,120258560
1562016896,120258560
1562016897,120258560
1562016898,120258560
1562016899,120258560
1562016900,120258560
1562016901,120258560
1562016902,120258560
1562016903,120258560
1562016904,120258560
1562016905,120258560
1562016906,120258560
1562016907,120258560
1562016908,120258560
1562016909,120258560
1562016910,120258560
1562016911,120258560
1562016912,120258560
1562016913,120258560
1562016914,120258560
1562016915,120258560
1562016916,120258560
1562016917,120258560
1562016918,120258560
1562016919,120258560
1562016920,120258560
1562016921,120258560
1562016922,120258560
1562016923,120258560
1562016924,120258560
1562016925,120258560
1562016926,120258560
1562016927,120258560
1562016928,120258560
1562016929,120258560
1562016930,120258560
1562016931,120258560
1562016932,120258560
1562016933,120258560
1562016934,120258560
1562016935,120258560
1562016936,120258560
1562016937,120258560
1562016938,120258560
1562016939,120258560
1562016940,120258560
1562016941,120258560
1562016942,120258560
1562016943,120258560
1562016944,120258560
1562016945,120258560
1562016946,120258560
1562016947,120258560
1562016948,120258560
1562016949,120258560
1562016950,120258560
1562016951,120258560
1562016952,120258560
1562016953,120258560
1562016954,120258560
1562016955,120258560
1562016956,120258560
1562016957,120258560
1562016958,120258560
1562016959,120258560
1562016960,120258560
1562016961,120258560
1562016962,120258560
1562016963,120258560
1562016964,120258560
1562016965,120258560
1562016966,120258560
1562016967,120258560
1562016968,120258560
1562016969,120258560
1562016970,120258560
1562016971,120258560
1562016972,120258560
1562016973,120258560
1562016974,120258560
1562016975,120258560
1562016976,120258560
1562016977,120258560
1562016978,120258560
1562016979,120258560
1562016980,120258560
1562016981,120258560
1562016982,120258560
1562016983,120258560
1562016984,120258560
1562016985,120258560
1562016986,120258560
1562016987,120258560
1562016988,120258560
1562016989,120258560
1562016990,120258560
1562016991,120258560
1562016992,120258560
1562016993,120258560
1562016994,120258560
1562016995,120258560
1562016996,120258560
1562016997,120258560
1562016998,120258560
1562016999,120258560
1562017000,120258560
1562017001,120258560
1562017002,120258560
1562017003,120258560
1562017004,120258560
1562017005,120258560
1562017006,120258560
1562017007,120258560
1562017008,120258560
1562017009,120258560
1562017010,120258560
1562017011,120258560
1562017012,120258560
1562017013,120258560
1562017014,120258560
1562017015,120258560
1562017016,120258560
1562017017,120258560
1562017018,120258560
1562017019,120258560
1562017020,120258560
1562017021,120258560
1562017022,120258560
1562017023,120258560
1562017024,120258560
1562017025,120258560
1562017026,120258560
1562017027,120258560
1562017028,120258560
1562017029,120258560
1562017030,120258560
1562017031,120258560
1562017032,120258560
1562017033,120258560
1562017034,120258560
1562017035,120258560
1562017036,120258560
1562017037,120258560
1562017038,120258560
1562017039,120258560
1562017040,120258560
1562017041,120258560
1562017042,120258560
1562017043,120258560
1562017044,120258560
1562017045,120258560
1562017046,120258560
1562017047,120258560
1562017048,120258560
1562017049,120258560
1562017050,120258560
1562017051,120258560
1562017052,120258560
1562017053,120258560
1562017054,120258560
1562017055,120258560
1562017056,120258560
1562017057,120258560
1562017058,120258560
1562017059,120258560
1562017060,120258560
1562017061,120258560
1562017062,120258560
1562017063,120258560
1562017064,120258560
1562017065,120258560
1562017066,120258560
1562017067,120258560
1562017068,120258560
1562017069,120258560
1562017070,120258560
1562017071,120258560
1562017072,120258560
1562017073,120258560
1562017074,120258560
1562017075,120258560
1562017076,120258560
1562017077,120258560
1562017078,120258560
1562017079,120258560
1562017080,120258560
1562017081,120258560
1562017082,120258560
1562017083,120258560
1562017084,120258560
1562017085,120258560
1562017086,120258560
1562017087,120258560
1562017088,120258560
1562017089,120258560
1562017090,120258560
1562017091,120258560
1562017092,120258560
1562017093,120258560
1562017094,120258560
1562017095,120258560
1562017096,120258560
1562017097,120258560
1562017098,120258560
1562017099,120258560
1562017100,120258560
1562017101,120258560
1562017102,120258560
1562017103,120258560
1562017104,120258560
1562017105,120258560
1562017106,120258560
1562017107,120258560
1562017108,120258560
1562017109,120258560
1562017110,120258560
1562017111,120258560
1562017112,120258560
1562017113,120258560
1562017114,120258560
1562017115,120258560
1562017116,120258560
1562017117,120258560
1562017118,120258560
1562017119,120258560
1562017120,120258560
1562017121,120258560
1562017122,120258560
1562017123,120258560
1562017124,120258560
1562017125,120258560
1562017126,120258560
1562017127,120258560
1562017128,120258560
1562017129,120258560
1562017130,120258560
1562017131,120258560
1562017132,120258560
1562017133,120258560
1562017134,120258560
1562017135,120258560
1562017136,120258560
1562017137,120258560
1562017138,120258560
1562017139,120258560
1562017140,120258560
1562017141,120258560
1562017142,120258560
1562017143,120258560
1562017144,120258560
1562017145,120258560
1562017146,120258560
1562017147,120258560
1562017148,120258560
1562017149,120258560
1562017150,120258560
1562017151,120258560
1562017152,120258560
1562017153,120258560
1562017154,120258560
1562017155,120258560
1562017156,120258560
1562017157,120258560
1562017158,120258560
1562017159,120258560
1562017160,120258560
1562017161,120258560
1562017162,120258560
1562017163,120258560
1562017164,120258560
1562017165,120258560
1562017166,120258560
1562017167,120258560
1562017168,120258560
1562017169,120258560
1562017170,120258560
1562017171,120258560
1562017172,120258560
1562017173,120258560
1562017174,120258560
1562017175,120258560
1562017176,120258560
1562017177,120258560
1562017178,120258560
1562017179,120258560
1562017180,120258560
1562017181,120258560
1562017182,120258560
1562017183,120258560
1562017184,120258560
1562017185,120258560
1562017186,120258560
1562017187,120258560
1562017188,120258560
1562017189,120258560
1562017190,120258560
1562017191,120258560
1562017192,120258560
1562017193,120258560
1562017194,120258560
1562017195,120258560
1562017196,120258560
1562017197,120258560
1562017198,120258560
1562017199,120258560
1562017200,120258560
1562017201,120258560
1562017202,120258560
1562017203,120258560
1562017204,120258560
1562017205,120258560
1562017206,120258560
1562017207,120258560
1562017208,120258560
1562017209,120258560
1562017210,120258560
1562017211,120258560
1562017212,120258560
1562017213,120258560
1562017214,120258560
1562017215,120258560
1562017216,120258560
1562017217,120258560
1562017218,120258560
1562017219,120258560
1562017220,120258560
1562017221,120258560
1562017222,120258560
1562017223,120258560
1562017224,120258560
1562017225,120258560
1562017226,120258560
1562017227,120258560
1562017228,120258560
1562017229,120258560
1562017230,120258560
1562017231,120258560
1562017232,120258560
1562017233,120258560
1562017234,120258560
1562017235,120258560
1562017236,120258560
1562017237,120258560
1562017238,120258560
1562017239,120258560
1562017240,120258560
1562017241,120258560
1562017242,120258560
1562017243,120258560
1562017244,120258560
1562017245,120258560
1562017246,120258560
1562017247,120258560
1562017248,120258560
1562017249,120258560
1562017250,120258560
1562017251,120258560
1562017252,120258560
1562017253,120258560
1562017254,120258560
1562017255,120258560
1562017256,120258560
1562017257,120258560
1562017258,120258560
1562017259,120258560
1562017260,120258560
1562017261,120258560
1562017262,120258560
1562017263,120258560
1562017264,120258560
1562017265,120258560
1562017266,120258560
1562017267,120258560
1562017268,120258560
1562017269,120258560
1562017270,120258560
1562017271,120258560
1562017272,120258560
1562017273,120258560
1562017274,120258560
1562017275,120258560
1562017276,120258560
1562017277,120258560
1562017278,120258560
1562017279,120258560
1562017280,120258560
1562017281,120258560
1562017282,120258560
1562017283,120258560
1562017284,120258560
1562017285,120258560
1562017286,120258560
1562017287,120258560
1562017288,120258560
1562017289,120258560
1562017290,120258560
1562017291,120258560
1562017292,120258560
1562017293,120258560
1562017295,120258560
1562017296,120258560
1562017297,120258560
1562017298,120258560
1562017299,120258560
1562017300,120258560
1562017301,120258560
1562017302,120258560
1562017303,120258560
1562017304,120258560
1562017305,120258560
1562017306,120258560
1562017307,120258560
1562017308,120258560
1562017309,120258560
1562017310,120258560
1562017311,120258560
1562017312,120258560
1562017313,120258560
1562017314,120258560
1562017315,120258560
1562017316,120258560
1562017317,120258560
1562017318,120258560
1562017319,120143872
1562017320,120143872
1562017321,120143872
1562017322,120143872
1562017323,120143872
1562017324,120143872
1562017325,120143872
1562017326,120143872
1562017327,120143872
1562017328,120143872
1562017329,120143872
1562017330,120143872
1562017331,120143872
1562017332,120143872
1562017333,120143872
1562017334,120143872
1562017335,120143872
1562017336,120143872
1562017337,120143872
1562017338,120143872
1562017339,120143872
1562017340,120143872
1562017341,120143872
1562017342,120143872
1562017343,120143872
1562017344,120143872
1562017345,120143872
1562017346,120143872
1562017347,120143872
1562017348,120143872
1562017349,120143872
1562017350,120143872
1562017351,120143872
1562017352,120143872
1562017353,120143872
1562017354,120143872
1562017355,120143872
1562017356,120143872
1562017357,120143872
1562017358,120143872
1562017359,120143872
1562017360,120143872
1562017361,120143872
1562017362,120143872
1562017363,120143872
1562017364,120143872
1562017365,120143872
1562017366,120143872
1562017367,120143872
1562017368,120143872
1562017369,120143872
1562017370,120143872
1562017371,120143872
1562017372,120143872
1562017373,120143872
1562017374,120143872
1562017375,120143872
1562017376,120143872
1562017377,120143872
1562017378,120143872
1562017379,120143872
1562017380,120143872
1562017381,120143872
1562017382,120143872
1562017383,120143872
1562017384,120143872
1562017385,120143872
1562017386,120143872
1562017387,120143872
1562017388,120143872
1562017389,120143872
1562017390,120143872
1562017391,120143872
1562017392,120143872
1562017393,120143872
1562017394,120143872
1562017395,120143872
1562017396,120143872
1562017397,120143872
1562017398,120143872
1562017399,120143872
1562017400,120143872
1562017401,120143872
1562017402,120143872
1562017403,120143872
1562017404,120143872
1562017405,120143872
1562017406,120143872
1562017407,120143872
1562017408,120143872
1562017409,120143872
1562017410,120143872
1562017411,120143872
1562017412,120143872
1562017413,120143872
1562017414,120143872
1562017415,120143872
1562017416,120143872
1562017417,120143872
1562017418,120143872
1562017419,120143872
1562017420,120143872
1562017421,120143872
1562017422,120143872
1562017423,120143872
1562017424,120143872
1562017425,120143872
1562017426,120143872
1562017427,120143872
1562017428,120143872
1562017429,120143872
1562017430,120143872
1562017431,120143872
1562017432,120143872
1562017433,120143872
1562017434,120143872
1562017435,120143872
1562017436,120143872
1562017437,120143872
1562017438,120143872
1562017439,120143872
1562017440,120143872
1562017441,120143872
1562017442,120143872
1562017443,120143872
1562017444,120143872
1562017445,120143872
1562017446,120143872
1562017447,120143872
1562017448,120143872
1562017449,120143872
1562017450,120143872
1562017451,120143872
1562017452,120143872
1562017453,120143872
1562017454,120143872
1562017455,120143872
1562017456,120143872
1562017457,120143872
1562017458,120143872
1562017459,120143872
1562017460,120143872
1562017461,120143872
1562017462,120143872
1562017463,120143872
1562017464,120143872
1562017465,120143872
1562017466,120143872
1562017467,120143872
1562017468,120143872
1562017469,119701504
1562017470,119701504
1562017471,119701504
1562017472,119701504
1562017473,119701504
1562017474,119701504
1562017475,119701504
1562017476,119701504
1562017477,119701504
1562017478,119701504
1562017479,119701504
1562017480,119701504
1562017481,119701504
1562017482,119701504
1562017483,119701504
1562017484,119701504
1562017485,119701504
1562017486,119701504
1562017487,119701504
1562017488,119701504
1562017489,119701504
1562017490,119701504
1562017491,119701504
1562017492,119701504
1562017493,119701504
1562017494,119701504
1562017495,119701504
1562017496,119701504
1562017497,119701504
1562017498,119701504
1562017499,119701504
1562017500,119701504
1562017501,119701504
1562017502,119701504
1562017503,119701504
1562017504,119701504
1562017505,119701504
1562017506,119701504
1562017507,119701504
1562017508,119701504
1562017509,119701504
1562017510,119701504
1562017511,119701504
1562017512,119701504
1562017513,119701504
1562017514,119701504
1562017515,119701504
1562017516,119701504
1562017517,119701504
1562017518,119701504
1562017519,119701504
1562017520,119701504
1562017521,119701504
1562017522,119701504
1562017523,119701504
1562017524,119701504
1562017525,119701504
1562017526,119701504
1562017527,119701504
1562017528,119701504
1562017529,119701504
1562017530,119701504
1562017531,119701504
1562017532,119701504
1562017533,119701504
1562017534,119701504
1562017535,119701504
1562017536,119701504
1562017537,119701504
1562017538,119701504
1562017539,119701504
1562017540,119701504
1562017541,119701504
1562017542,119701504
1562017543,119701504
1562017544,119701504
1562017545,119701504
1562017546,119701504
1562017547,119701504
1562017548,119701504
1562017549,119701504
1562017550,119701504
1562017551,119701504
1562017552,119701504
1562017553,119701504
1562017554,119701504
1562017555,119701504
1562017556,119701504
1562017557,119701504
1562017558,119701504
1562017559,119701504
1562017560,119701504
1562017561,119701504
1562017562,119701504
1562017563,119701504
1562017564,119701504
1562017565,119701504
1562017566,119701504
1562017567,119701504
1562017568,119701504
1562017569,119701504
1562017570,119701504
1562017571,119701504
1562017572,119701504
1562017573,119701504
1562017574,119701504
1562017575,119701504
1562017576,119701504
1562017577,119701504
1562017578,119701504
1562017579,119701504
1562017580,119701504
1562017581,119701504
1562017582,119701504
1562017583,119701504
1562017584,119701504
1562017585,119701504
1562017586,119701504
1562017587,119701504
1562017588,119701504
1562017589,119701504
1562017590,119701504
1562017591,119701504
1562017592,119701504
1562017593,119701504
1562017594,119701504
1562017595,119701504
1562017596,119701504
1562017597,119701504
1562017598,119701504
1562017599,119701504
1562017600,119701504
1562017601,119701504
1562017602,119701504
1562017603,119701504
1562017604,119701504
1562017605,119701504
1562017606,119701504
1562017607,119701504
1562017608,119701504
1562017609,119701504
1562017610,119701504
1562017611,119701504
1562017612,119701504
1562017613,119701504
1562017614,119701504
1562017615,119701504
1562017616,119701504
1562017617,119701504
1562017618,119701504
1562017619,119701504
1562017620,119701504
1562017621,119971840
1562017622,119971840
1562017623,119971840
1562017624,119971840
1562017625,119971840
1562017626,119971840
1562017627,119971840
1562017628,119971840
1562017629,119971840
1562017630,119971840
1562017631,119971840
1562017632,119971840
1562017633,119971840
1562017634,119971840
1562017635,119971840
1562017636,119971840
1562017637,119971840
1562017638,119971840
1562017639,119971840
1562017640,119971840
1562017641,119971840
1562017642,119971840
1562017643,119971840
1562017644,119971840
1562017645,119971840
1562017646,119971840
1562017647,119971840
1562017648,119971840
1562017649,119971840
1562017650,119971840
1562017651,119971840
1562017652,119971840
1562017653,119971840
1562017654,119971840
1562017655,119971840
1562017656,119971840
1562017657,119971840
1562017658,119971840
1562017659,119971840
1562017660,119971840
1562017661,119971840
1562017662,119971840
1562017663,119971840
1562017664,119971840
1562017665,119971840
1562017666,119971840
1562017667,119971840
1562017668,119971840
1562017669,119971840
1562017670,119971840
1562017671,119971840
1562017672,119971840
1562017673,119971840
1562017674,119971840
1562017675,119971840
1562017676,119971840
1562017677,119971840
1562017678,119971840
1562017679,119971840
1562017680,119971840
1562017681,119971840
1562017682,119971840
1562017683,119971840
1562017684,119971840
1562017685,119971840
1562017686,119971840
1562017687,119971840
1562017688,119971840
1562017689,119971840
1562017690,119971840
1562017691,119971840
1562017692,119971840
1562017693,119971840
1562017694,119971840
1562017695,119971840
1562017696,119971840
1562017697,119971840
1562017698,119971840
1562017699,119971840
1562017700,119971840
1562017701,119971840
1562017702,119971840
1562017703,119971840
1562017704,119971840
1562017705,119971840
1562017706,119971840
1562017707,119971840
1562017708,119971840
1562017709,119971840
1562017710,119971840
1562017711,119971840
1562017712,119971840
1562017713,119971840
1562017714,119971840
1562017715,119971840
1562017716,119971840
1562017717,119971840
1562017718,119971840
1562017719,119971840
1562017720,119971840
1562017721,119971840
1562017722,119971840
1562017723,119971840
1562017724,119971840
1562017725,119971840
1562017726,119971840
1562017727,119971840
1562017728,119971840
1562017729,119971840
1562017730,119971840
1562017731,119971840
1562017732,119971840
1562017733,119971840
1562017734,119971840
1562017735,119971840
1562017736,119971840
1562017737,119971840
1562017738,119971840
1562017739,119971840
1562017740,119971840
1562017741,119971840
1562017742,119971840
1562017743,119971840
1562017744,119971840
1562017745,119971840
1562017746,119971840
1562017747,119971840
1562017748,119971840
1562017749,119971840
1562017750,119971840
1562017751,119971840
1562017752,119971840
1562017753,119971840
1562017754,119971840
1562017755,119971840
1562017756,119971840
1562017757,119971840
1562017758,119971840
1562017759,119971840
1562017760,119971840
1562017761,119971840
1562017762,119971840
1562017763,119971840
1562017764,119971840
1562017765,119971840
1562017766,119971840
1562017767,119971840
1562017768,119971840
1562017769,119971840
1562017770,119971840
1562017771,119971840
1562017772,119971840
1562017773,119971840
1562017774,119971840
1562017775,119971840
1562017776,119971840
1562017777,119971840
1562017778,119971840
1562017779,119971840
1562017780,119971840
1562017781,119971840
1562017782,119971840
1562017783,119971840
1562017784,119971840
1562017785,119971840
1562017786,119971840
1562017787,119971840
1562017788,119971840
1562017789,119971840
1562017790,119971840
1562017791,119971840
1562017792,119971840
1562017793,119971840
1562017794,119971840
1562017795,119971840
1562017796,119971840
1562017797,119971840
1562017798,119971840
1562017799,119971840
1562017800,119971840
1562017801,119971840
1562017802,119971840
1562017803,119971840
1562017804,119971840
1562017805,119971840
1562017806,119971840
1562017807,119971840
1562017808,119971840
1562017809,119971840
1562017810,119971840
1562017811,119971840
1562017812,119971840
1562017813,119971840
1562017814,119971840
1562017815,119971840
1562017816,119971840
1562017817,119971840
1562017818,119971840
1562017819,119971840
1562017820,119971840
1562017821,119971840
1562017822,119971840
1562017823,119971840
1562017824,119971840
1562017825,119971840
1562017826,119971840
1562017827,119971840
1562017828,119971840
1562017829,119971840
1562017830,119971840
1562017831,119971840
1562017832,119971840
1562017833,119971840
1562017834,119971840
1562017835,119971840
1562017836,119971840
1562017837,119971840
1562017838,119971840
1562017839,119971840
1562017840,119971840
1562017841,119971840
1562017842,119971840
1562017843,119971840
1562017844,119971840
1562017845,119971840
1562017846,119971840
1562017847,119971840
1562017848,119971840
1562017849,119971840
1562017850,119971840
1562017851,119971840
1562017852,119971840
1562017853,119971840
1562017854,119971840
1562017855,119971840
1562017856,119971840
1562017857,119971840
1562017858,119971840
1562017859,119971840
1562017860,119971840
1562017861,119971840
1562017862,119971840
1562017863,119971840
1562017864,119971840
1562017865,119971840
1562017866,119971840
1562017867,119971840
1562017868,119971840
1562017869,119971840
1562017870,119971840
1562017871,119971840
1562017872,119971840
1562017873,119971840
1562017874,119971840
1562017875,119971840
1562017876,119971840
1562017877,119971840
1562017878,119971840
1562017879,119971840
1562017880,119971840
1562017881,119971840
1562017882,119971840
1562017883,119971840
1562017884,119971840
1562017885,119971840
1562017886,119971840
1562017887,119971840
1562017888,119971840
1562017889,119971840
1562017890,119971840
1562017891,119971840
1562017892,119971840
1562017893,119971840
1562017894,119971840
1562017895,119971840
1562017896,119971840
1562017897,119971840
1562017898,119971840
1562017899,119971840
1562017900,119971840
1562017901,119971840
1562017902,119971840
1562017903,119971840
1562017904,119971840
1562017905,119971840
1562017906,119971840
1562017907,119971840
1562017908,119971840
1562017909,119971840
1562017910,119971840
1562017911,119971840
1562017912,119971840
1562017913,119971840
1562017914,119971840
1562017915,119971840
1562017916,119971840
1562017917,119971840
1562017918,119971840
1562017919,119971840
1562017920,119971840
1562017921,119971840
1562017922,119971840
1562017923,119971840
1562017924,119971840
1562017925,119971840
1562017926,119971840
1562017927,119971840
1562017928,119971840
1562017929,119971840
1562017930,119971840
1562017931,119971840
1562017932,119971840
1562017933,119971840
1562017934,119971840
1562017935,119971840
1562017936,119971840
1562017937,119971840
1562017938,119971840
1562017939,119971840
1562017940,119971840
1562017941,119971840
1562017942,119971840
1562017943,119971840
1562017944,119971840
1562017945,119971840
1562017946,119971840
1562017947,119971840
1562017948,119971840
1562017949,119971840
1562017950,119971840
1562017951,119971840
1562017952,119971840
1562017953,119971840
1562017954,119971840
1562017955,119971840
1562017956,119971840
1562017957,119971840
1562017958,119971840
1562017959,119971840
1562017960,119971840
1562017961,119971840
1562017962,119971840
1562017963,119971840
1562017964,119971840
1562017965,119971840
1562017966,119971840
1562017967,119971840
1562017968,119971840
1562017969,119971840
1562017970,119971840
1562017971,119971840
1562017972,119971840
1562017973,119971840
1562017974,119971840
1562017975,119971840
1562017976,119971840
1562017977,119971840
1562017978,119971840
1562017979,119971840
1562017980,119971840
1562017981,119971840
1562017982,119971840
1562017983,119971840
1562017984,119971840
1562017985,119971840
1562017986,119971840
1562017987,119971840
1562017988,120512512
1562017989,120512512
1562017990,120512512
1562017991,120512512
1562017992,120512512
1562017993,120512512
1562017994,120512512
1562017995,120512512
1562017996,120512512
1562017997,120512512
1562017998,120512512
1562017999,120512512
1562018000,120512512
1562018001,120512512
1562018002,120512512
1562018003,120512512
1562018004,120512512
1562018005,120512512
1562018006,120512512
1562018007,120512512
1562018008,120512512
1562018009,120512512
1562018010,120512512
1562018011,120512512
1562018012,120512512
1562018013,120512512
1562018014,120512512
1562018015,120512512
1562018016,120512512
1562018017,120512512
1562018018,120512512
1562018019,120512512
1562018020,120512512
1562018021,120512512
1562018022,120512512
1562018023,120512512
1562018024,120512512
1562018025,120512512
1562018026,120512512
1562018027,120512512
1562018028,120512512
1562018029,120512512
1562018030,120512512
1562018031,120512512
1562018032,120512512
1562018033,120512512
1562018034,120512512
1562018035,120512512
1562018036,120512512
1562018037,120512512
1562018038,120512512
1562018039,120512512
1562018040,120512512
1562018041,120512512
1562018042,120512512
1562018043,120512512
1562018044,120512512
1562018045,120512512
1562018046,120512512
1562018047,120512512
1562018048,120512512
1562018049,120512512
1562018050,120512512
1562018051,120512512
1562018052,120512512
1562018053,120512512
1562018054,120512512
1562018055,120512512
1562018056,120512512
1562018057,120512512
1562018058,120512512
1562018059,120512512
1562018060,120512512
1562018061,120512512
1562018062,120512512
1562018063,120512512
1562018064,120512512
1562018065,120512512
1562018066,120512512
1562018067,120512512
1562018068,120512512
1562018069,120512512
1562018070,120512512
1562018071,120512512
1562018072,120512512
1562018073,120512512
1562018074,120512512
1562018075,120512512
1562018076,120512512
1562018077,120512512
1562018078,120512512
1562018079,120512512
1562018080,120512512
1562018081,120512512
1562018082,120512512
1562018083,120512512
1562018084,120512512
1562018085,120512512
1562018086,120512512
1562018087,120512512
1562018088,120512512
1562018089,120512512
1562018090,120512512
1562018091,120512512
1562018092,120512512
1562018093,120512512
1562018094,120512512
1562018095,120512512
1562018096,120512512
1562018097,120512512
1562018098,120512512
1562018099,120512512
1562018100,120512512
1562018101,120512512
1562018102,120512512
1562018103,120512512
1562018104,120512512
1562018105,120512512
1562018106,120512512
1562018107,120512512
1562018108,120512512
1562018109,120512512
1562018110,120512512
1562018111,120512512
1562018112,120512512
1562018113,120512512
1562018114,120512512
1562018115,120512512
1562018116,120512512
1562018117,120512512
1562018118,120512512
1562018119,120512512
1562018120,120512512
1562018121,120512512
1562018122,120512512
1562018123,120512512
1562018124,120512512
1562018125,120512512
1562018126,120512512
1562018127,120512512
1562018128,120512512
1562018129,120512512
1562018130,120512512
1562018131,120512512
1562018132,120512512
1562018133,120512512
1562018134,120512512
1562018135,120512512
1562018136,120512512
1562018137,120512512
1562018138,120512512
1562018139,120512512
1562018140,120512512
1562018141,120512512
1562018142,120512512
1562018143,120512512
1562018144,120512512
1562018145,120512512
1562018146,120512512
1562018147,120512512
1562018148,120512512
1562018149,120512512
1562018150,120512512
1562018151,120512512
1562018152,120512512
1562018153,120512512
1562018154,120512512
1562018155,120512512
1562018156,120512512
1562018157,120512512
1562018158,120512512
1562018159,120512512
1562018160,120512512
1562018161,120512512
1562018162,120512512
1562018163,120512512
1562018164,120512512
1562018165,120512512
1562018166,120512512
1562018167,120512512
1562018168,120512512
1562018169,120512512
1562018170,120512512
1562018171,120512512
1562018172,120512512
1562018173,120512512
1562018174,120512512
1562018175,120512512
1562018176,120512512
1562018177,120512512
1562018178,120512512
1562018179,120512512
1562018180,120512512
1562018181,120512512
1562018182,120512512
1562018183,120512512
1562018184,120512512
1562018185,120512512
1562018186,120512512
1562018187,120512512
1562018188,120512512
1562018189,120512512
1562018190,120512512
1562018191,120512512
1562018192,120512512
1562018193,120512512
1562018194,120512512
1562018195,120512512
1562018196,120512512
1562018197,120512512
1562018198,120512512
1562018199,120512512
1562018200,120512512
1562018201,120512512
1562018202,120512512
1562018203,120512512
1562018204,120512512
1562018205,120512512
1562018206,120512512
1562018207,120512512
1562018208,120512512
1562018209,120512512
1562018210,120512512
1562018211,120512512
1562018212,120512512
1562018213,120512512
1562018214,120512512
1562018215,120512512
1562018216,120512512
1562018217,120512512
1562018218,120512512
1562018219,120512512
1562018220,120512512
1562018221,120512512
1562018222,120512512
1562018223,120512512
1562018224,120512512
1562018225,120512512
1562018226,120512512
1562018227,120512512
1562018228,120512512
1562018229,120512512
1562018230,120512512
1562018231,120512512
1562018232,120512512
1562018233,120512512
1562018234,120512512
1562018235,120512512
1562018236,120512512
1562018237,120512512
1562018238,120512512
1562018239,120512512
1562018240,120512512
1562018241,120512512
1562018242,120512512
1562018243,120512512
1562018244,120512512
1562018245,120512512
1562018246,120512512
1562018247,120512512
1562018248,120512512
1562018249,120512512
1562018250,120512512
1562018251,120512512
1562018252,120512512
1562018253,120512512
1562018254,120512512
1562018255,120512512
1562018256,120512512
1562018257,120512512
1562018258,120512512
1562018259,120512512
1562018260,120512512
1562018261,120512512
1562018262,120512512
1562018263,120512512
1562018264,120512512
1562018265,120512512
1562018266,120512512
1562018267,120512512
1562018268,120512512
1562018269,120512512
1562018270,120512512
1562018271,120512512
1562018272,120512512
1562018273,120512512
1562018274,120512512
1562018275,120512512
1562018276,120512512
1562018277,120512512
1562018278,120512512
1562018279,120512512
1562018280,120512512
1562018281,120512512
1562018282,120512512
1562018283,120512512
1562018284,120512512
1562018285,120512512
1562018286,120512512
1562018287,120512512
1562018288,120512512
1562018289,120512512
1562018290,120512512
1562018291,120512512
1562018292,120512512
1562018293,120512512
1562018294,120512512
1562018295,120512512
1562018296,120512512
1562018297,120512512
1562018298,120512512
1562018299,120512512
1562018300,120512512
1562018301,120512512
1562018302,120512512
1562018303,120512512
1562018304,120512512
1562018305,120512512
1562018306,120512512
1562018307,120512512
1562018308,120512512
1562018309,120512512
1562018310,120512512
1562018311,120512512
1562018312,120512512
1562018313,120512512
1562018314,120512512
1562018315,120512512
1562018316,120512512
1562018317,120512512
1562018318,120512512
1562018319,120512512
1562018320,120512512
1562018321,120512512
1562018322,120512512
1562018323,120512512
1562018324,120512512
1562018325,120512512
1562018326,120512512
1562018327,120512512
1562018328,120512512
1562018329,120512512
1562018330,120512512
1562018331,120512512
1562018332,120512512
1562018333,120512512
1562018334,120512512
1562018335,120512512
1562018336,120512512
1562018337,120512512
1562018338,120512512
1562018339,120512512
1562018340,120512512
1562018341,120512512
1562018342,120512512
1562018343,120512512
1562018344,120512512
1562018345,120512512
1562018346,120512512
1562018347,120512512
1562018348,120512512
1562018349,120512512
1562018350,120512512
1562018351,120512512
1562018352,120512512
1562018353,120512512
1562018354,120512512
1562018355,120512512
1562018356,120512512
1562018357,120512512
1562018358,120512512
1562018359,120512512
1562018360,120512512
1562018361,120512512
1562018362,120512512
1562018363,120512512
1562018364,120512512
1562018365,120512512
1562018366,120512512
1562018367,120512512
1562018368,120512512
1562018369,120389632
1562018370,120389632
1562018371,120389632
1562018372,120389632
1562018373,120389632
1562018374,120389632
1562018375,120389632
1562018376,120389632
1562018377,120389632
1562018378,120389632
1562018379,120389632
1562018380,120389632
1562018381,120389632
1562018382,120389632
1562018383,120389632
1562018384,120389632
1562018385,120389632
1562018386,120389632
1562018387,120389632
1562018388,120389632
1562018389,120389632
1562018390,120389632
1562018391,120389632
1562018392,120389632
1562018393,120389632
1562018394,120389632
1562018395,120389632
1562018396,120389632
1562018397,120389632
1562018398,120389632
1562018399,120389632
1562018400,120389632
1562018401,120389632
1562018402,120389632
1562018403,120389632
1562018404,120389632
1562018405,120389632
1562018406,120389632
1562018407,120389632
1562018408,120389632
1562018409,120389632
1562018410,120389632
1562018411,120389632
1562018412,120389632
1562018413,120389632
1562018414,120389632
1562018415,120389632
1562018416,120389632
1562018417,120389632
1562018418,120389632
1562018419,120389632
1562018420,120389632
1562018421,120389632
1562018422,120389632
1562018423,120389632
1562018424,120389632
1562018425,120389632
1562018426,120389632
1562018427,120389632
1562018428,120389632
1562018429,120389632
1562018430,120389632
1562018431,120389632
1562018432,120389632
1562018433,120389632
1562018434,120389632
1562018435,120389632
1562018436,120389632
1562018437,120389632
1562018438,120389632
1562018439,120389632
1562018440,120389632
1562018441,120389632
1562018442,120389632
1562018443,120389632
1562018444,120389632
1562018445,120389632
1562018446,120389632
1562018447,120389632
1562018448,120389632
1562018449,120389632
1562018450,120389632
1562018451,120389632
1562018452,120389632
1562018453,120389632
1562018454,120389632
1562018455,120389632
1562018456,120389632
1562018457,120389632
1562018458,120389632
1562018459,120389632
1562018460,120389632
1562018461,120389632
1562018462,120389632
1562018463,120389632
1562018464,120389632
1562018465,120389632
1562018466,120389632
1562018467,120389632
1562018468,120389632
1562018469,120389632
1562018470,120389632
1562018471,120389632
1562018472,120389632
1562018473,120389632
1562018474,120389632
1562018475,120389632
1562018476,120389632
1562018477,120389632
1562018478,120389632
1562018479,120389632
1562018480,120389632
1562018481,120389632
1562018482,120389632
1562018483,120389632
1562018484,120389632
1562018485,120389632
1562018486,120389632
1562018487,120389632
1562018488,120389632
1562018489,120389632
1562018490,120389632
1562018491,120389632
1562018492,120389632
1562018493,120389632
1562018494,120389632
1562018495,120389632
1562018496,120389632
1562018497,120389632
1562018498,120389632
1562018499,120389632
1562018500,120389632
1562018501,120389632
1562018502,120389632
1562018503,120389632
1562018504,120389632
1562018505,120389632
1562018506,120389632
1562018507,120389632
1562018508,120389632
1562018509,120389632
1562018510,120389632
1562018511,120389632
1562018512,120389632
1562018513,120389632
1562018514,120389632
1562018515,120389632
1562018516,120389632
1562018517,120389632
1562018518,120389632
1562018519,120389632
1562018520,120389632
1562018521,120389632
1562018522,120389632
1562018523,120389632
1562018524,120389632
1562018525,120389632
1562018526,120389632
1562018527,120389632
1562018528,120389632
1562018529,120389632
1562018530,120389632
1562018531,120389632
1562018532,120389632
1562018533,120389632
1562018534,120389632
1562018535,120389632
1562018536,120389632
1562018537,120389632
1562018538,120389632
1562018539,120389632
1562018540,120389632
1562018541,120389632
1562018542,120389632
1562018543,120389632
1562018544,120389632
1562018545,120389632
1562018546,120389632
1562018547,120389632
1562018548,120389632
1562018549,120389632
1562018550,120389632
1562018551,120389632
1562018552,120389632
1562018553,120389632
1562018554,120389632
1562018555,120389632
1562018556,120389632
1562018557,120389632
1562018558,120389632
1562018559,120389632
1562018560,120389632
1562018561,120389632
1562018562,120389632
1562018563,120389632
1562018564,120389632
1562018565,120389632
1562018566,120389632
1562018567,120389632
1562018568,120389632
1562018569,120389632
1562018570,120389632
1562018571,120389632
1562018572,120389632
1562018573,120389632
1562018574,120389632
1562018575,120389632
1562018576,120389632
1562018577,120389632
1562018578,120389632
1562018579,120389632
1562018580,120389632
1562018581,120389632
1562018582,120389632
1562018583,120389632
1562018584,120389632
1562018585,120389632
1562018586,120389632
1562018587,120389632
1562018588,120389632
1562018592,120389632
1562018593,120389632
1562018594,120389632
1562018595,120930304
1562018596,120930304
1562018597,120930304
1562018598,120930304
1562018599,120930304
1562018600,120930304
1562018601,120930304
1562018602,120930304
1562018603,120930304
1562018604,120930304
1562018605,120930304
1562018606,120930304
1562018607,120930304
1562018608,120930304
1562018609,120930304
1562018610,120930304
1562018611,120930304
1562018612,120930304
1562018613,120930304
1562018614,120930304
1562018615,120930304
1562018616,120930304
1562018617,120930304
1562018618,120930304
1562018619,120930304
1562018620,120930304
1562018621,120930304
1562018622,120930304
1562018623,120930304
1562018624,120930304
1562018625,120930304
1562018626,120930304
1562018627,120930304
1562018628,120930304
1562018629,120930304
1562018630,120930304
1562018631,120930304
1562018632,120930304
1562018633,120930304
1562018634,120930304
1562018635,120930304
1562018636,120930304
1562018637,120930304
1562018638,120930304
1562018639,120930304
1562018640,120930304
1562018641,120930304
1562018642,120930304
1562018643,120930304
1562018644,120930304
1562018645,120930304
1562018646,120930304
1562018647,120930304
1562018648,120930304
1562018649,120930304
1562018650,120930304
1562018651,120930304
1562018652,120930304
1562018653,120930304
1562018654,120930304
1562018655,120930304
1562018656,120930304
1562018657,120930304
1562018658,120930304
1562018659,120930304
1562018660,120930304
1562018661,120930304
1562018662,120930304
1562018663,120930304
1562018664,120930304
1562018665,120930304
1562018666,120930304
1562018667,120930304
1562018668,120930304
1562018669,120930304
1562018670,120930304
1562018671,120930304
1562018672,120930304
1562018673,120930304
1562018674,120930304
1562018675,120930304
1562018676,120930304
1562018677,120930304
1562018678,120930304
1562018679,120930304
1562018680,120930304
1562018681,120930304
1562018682,120930304
1562018683,120930304
1562018684,120930304
1562018685,120930304
1562018686,120930304
1562018687,120930304
1562018688,120930304
1562018689,120930304
1562018690,120930304
1562018691,120930304
1562018692,120930304
1562018693,120930304
1562018694,120930304
1562018695,120930304
1562018696,120930304
1562018697,120930304
1562018698,120930304
1562018699,120930304
1562018700,120930304
1562018701,120930304
1562018702,120930304
1562018703,120930304
1562018704,120930304
1562018705,120930304
1562018706,120930304
1562018707,120930304
1562018708,120930304
1562018709,120930304
1562018710,120930304
1562018711,120930304
1562018712,120930304
1562018713,120930304
1562018714,120930304
1562018715,120930304
1562018716,120930304
1562018717,120930304
1562018718,120930304
1562018719,120930304
1562018720,120930304
1562018721,120930304
1562018722,120930304
1562018723,120930304
1562018724,120930304
1562018725,120930304
1562018726,120930304
1562018727,120930304
1562018728,120930304
1562018729,120930304
1562018730,120930304
1562018731,120930304
1562018732,120930304
1562018733,120930304
1562018734,120930304
1562018735,120930304
1562018736,120930304
1562018737,120930304
1562018738,120930304
1562018739,120930304
1562018740,120930304
1562018741,120930304
1562018742,120930304
1562018743,120930304
1562018744,120930304
1562018745,120930304
1562018746,120930304
1562018747,120930304
1562018748,120930304
1562018749,120930304
1562018750,120930304
1562018751,120930304
1562018752,120930304
1562018753,120930304
1562018754,120930304
1562018755,120930304
1562018756,120930304
1562018757,120930304
1562018758,120930304
1562018759,120930304
1562018760,120930304
1562018761,120930304
1562018762,120930304
1562018763,120930304
1562018764,120930304
1562018765,120930304
1562018766,120930304
1562018767,120930304
1562018768,120930304
1562018769,120930304
1562018770,120930304
1562018771,120930304
1562018772,120930304
1562018773,120930304
1562018774,120930304
1562018775,120930304
1562018776,120930304
1562018777,120930304
1562018778,120930304
1562018779,120930304
1562018780,120930304
1562018781,120930304
1562018782,120930304
1562018783,120930304
1562018784,120930304
1562018785,120930304
1562018786,120930304
1562018787,120930304
1562018788,120930304
1562018789,120930304
1562018790,120930304
1562018791,120930304
1562018792,120930304
1562018793,120930304
1562018794,120930304
1562018795,120930304
1562018796,120930304
1562018797,120930304
1562018798,120930304
1562018799,120930304
1562018800,120930304
1562018801,120930304
1562018802,120930304
1562018803,120930304
1562018804,120930304
1562018805,120930304
1562018806,120930304
1562018807,120930304
1562018808,120930304
1562018809,120930304
1562018810,120930304
1562018811,120930304
1562018812,120930304
1562018813,120930304
1562018814,120930304
1562018815,120930304
1562018816,120930304
1562018817,120930304
1562018818,120930304
1562018819,120930304
1562018820,120930304
1562018821,120930304
1562018822,120930304
1562018823,120930304
1562018824,120930304
1562018825,120930304
1562018826,120930304
1562018827,120930304
1562018828,120930304
1562018829,120930304
1562018830,120930304
1562018831,120930304
1562018832,120930304
1562018833,120930304
1562018834,120930304
1562018835,120930304
1562018836,120930304
1562018837,120930304
1562018838,120930304
1562018839,120930304
1562018840,120930304
1562018841,120930304
1562018842,120930304
1562018843,120930304
1562018844,120930304
1562018845,120930304
1562018846,120930304
1562018847,120930304
1562018848,120930304
1562018849,120930304
1562018850,120930304
1562018851,120930304
1562018852,120930304
1562018853,120930304
1562018854,120930304
1562018855,120930304
1562018856,120930304
1562018857,120930304
1562018858,120930304
1562018859,120930304
1562018860,120930304
1562018861,121200640
1562018862,121200640
1562018863,121200640
1562018864,121200640
1562018865,121200640
1562018866,121200640
1562018867,121200640
1562018868,121200640
1562018869,121200640
1562018870,121200640
1562018871,121200640
1562018872,121200640
1562018873,121200640
1562018874,121200640
1562018875,121200640
1562018876,121200640
1562018877,121200640
1562018878,121200640
1562018879,121200640
1562018880,121200640
1562018881,121200640
1562018882,121200640
1562018883,121200640
1562018884,121200640
1562018885,121200640
1562018886,121200640
1562018887,121200640
1562018888,121200640
1562018889,121200640
1562018890,121200640
1562018891,121200640
1562018892,121200640
1562018893,121200640
1562018894,121200640
1562018895,121200640
1562018896,121200640
1562018897,121200640
1562018898,121200640
1562018899,121200640
1562018900,121200640
1562018901,121200640
1562018902,121200640
1562018903,121200640
1562018904,121200640
1562018905,121200640
1562018906,121200640
1562018907,121200640
1562018908,121200640
1562018909,121200640
1562018910,121200640
1562018911,121200640
1562018912,121200640
1562018913,121200640
1562018914,121200640
1562018915,121200640
1562018916,121200640
1562018917,121200640
1562018918,121200640
1562018919,121200640
1562018920,121200640
1562018921,121200640
1562018922,121200640
1562018923,121200640
1562018924,121200640
1562018925,121200640
1562018926,121200640
1562018927,121200640
1562018928,121200640
1562018929,121200640
1562018930,121200640
1562018931,121200640
1562018932,121200640
1562018933,121200640
1562018934,121200640
1562018935,121200640
1562018936,121200640
1562018937,121200640
1562018938,121200640
1562018939,121200640
1562018940,121200640
1562018941,121200640
1562018942,121200640
1562018943,121200640
1562018944,121200640
1562018945,121200640
1562018946,121200640
1562018947,121200640
1562018948,121200640
1562018949,121200640
1562018950,121200640
1562018951,121200640
1562018952,121200640
1562018953,121200640
1562018954,121200640
1562018955,121200640
1562018956,121200640
1562018957,121200640
1562018958,121200640
1562018959,121200640
1562018960,121200640
1562018961,121200640
1562018962,121200640
1562018963,121200640
1562018964,121200640
1562018965,121200640
1562018966,121200640
1562018967,121200640
1562018968,121200640
1562018969,121200640
1562018970,121200640
1562018971,121200640
1562018972,121200640
1562018973,121200640
1562018974,121200640
1562018975,121200640
1562018976,121200640
1562018977,121200640
1562018978,121200640
1562018979,121200640
1562018980,121200640
1562018981,121200640
1562018982,121200640
1562018983,121200640
1562018984,121200640
1562018985,121200640
1562018986,121200640
1562018987,121200640
1562018988,121200640
1562018989,121200640
1562018990,121200640
1562018991,121200640
1562018992,121200640
1562018993,121200640
1562018994,121200640
1562018995,121200640
1562018996,121200640
1562018997,121200640
1562018998,121200640
1562018999,121200640
1562019000,121200640
1562019001,121200640
1562019002,121200640
1562019003,121200640
1562019004,121200640
1562019005,121200640
1562019006,121200640
1562019007,121200640
1562019008,121200640
1562019009,121200640
1562019010,121200640
1562019011,121200640
1562019012,121200640
1562019013,121200640
1562019014,121200640
1562019015,121200640
1562019016,121200640
1562019017,121200640
1562019018,121200640
1562019019,121200640
1562019020,121200640
1562019021,121200640
1562019022,121200640
1562019023,121200640
1562019024,121200640
1562019025,121200640
1562019026,121200640
1562019027,121200640
1562019028,121200640
1562019029,121200640
1562019030,121200640
1562019031,121200640
1562019032,121200640
1562019033,121200640
1562019034,121200640
1562019035,121200640
1562019036,121200640
1562019037,121200640
1562019038,121200640
1562019039,121200640
1562019040,121200640
1562019041,121200640
1562019042,121200640
1562019043,121200640
1562019044,121200640
1562019045,121200640
1562019046,121200640
1562019047,121200640
1562019048,121200640
1562019049,121200640
1562019050,121200640
1562019051,121200640
1562019052,121200640
1562019053,121200640
1562019054,121200640
1562019055,121200640
1562019056,121200640
1562019057,121200640
1562019058,121200640
1562019059,121200640
1562019060,121200640
1562019061,121200640
1562019062,121200640
1562019063,121200640
1562019064,121200640
1562019065,121200640
1562019066,121200640
1562019067,121200640
1562019068,121200640
1562019069,121200640
1562019070,121200640
1562019071,121200640
1562019072,121200640
1562019073,121200640
1562019074,121200640
1562019075,121200640
1562019076,121200640
1562019077,121200640
1562019078,121200640
1562019079,121200640
1562019080,121200640
1562019081,121200640
1562019082,121200640
1562019083,121200640
1562019084,121200640
1562019085,121200640
1562019086,121200640
1562019087,121200640
1562019088,121200640
1562019089,121200640
1562019090,121200640
1562019091,121200640
1562019092,121200640
1562019093,121200640
1562019094,121200640
1562019095,121200640
1562019096,121200640
1562019097,121200640
1562019098,121200640
1562019099,121200640
1562019100,121200640
1562019101,121200640
1562019102,121200640
1562019103,121200640
1562019104,121200640
1562019105,121200640
1562019106,121200640
1562019107,121200640
1562019108,121200640
1562019109,121200640
1562019110,121200640
1562019111,121200640
1562019112,121200640
1562019113,121200640
1562019114,121200640
1562019115,121200640
1562019116,121200640
1562019117,121200640
1562019118,121200640
1562019119,121200640
1562019120,121200640
1562019121,121200640
1562019122,121200640
1562019123,121200640
1562019124,121200640
1562019125,121200640
1562019126,121200640
1562019127,121200640
1562019128,121200640
1562019129,121200640
1562019130,121200640
1562019131,121200640
1562019132,121200640
1562019133,121200640
1562019134,121200640
1562019135,121200640
1562019136,121200640
1562019137,121200640
1562019138,121200640
1562019139,121200640
1562019140,121200640
1562019141,121200640
1562019142,121200640
1562019143,121200640
1562019144,121200640
1562019145,121200640
1562019146,121200640
1562019147,121200640
1562019148,121200640
1562019149,121200640
1562019150,121200640
1562019151,121200640
1562019152,121200640
1562019153,121200640
1562019154,121200640
1562019155,121200640
1562019156,121200640
1562019157,121200640
1562019158,121200640
1562019159,121200640
1562019160,121200640
1562019161,121200640
1562019162,121200640
1562019163,121200640
1562019164,121200640
1562019165,121200640
1562019166,121200640
1562019167,121200640
1562019168,121200640
1562019169,121200640
1562019170,121200640
1562019171,121200640
1562019172,121200640
1562019173,121200640
1562019174,121200640
1562019175,121200640
1562019176,121200640
1562019177,121200640
1562019178,121200640
1562019179,121200640
1562019180,121200640
1562019181,121200640
1562019182,121200640
1562019183,121200640
1562019184,121200640
1562019185,121200640
1562019186,121200640
1562019187,121200640
1562019188,121200640
1562019189,121200640
1562019190,121200640
1562019191,121200640
1562019192,121200640
1562019193,121200640
1562019194,121200640
1562019195,121200640
1562019196,121200640
1562019197,121200640
1562019198,121200640
1562019199,121200640
1562019200,121200640
1562019201,121200640
1562019202,121200640
1562019203,121200640
1562019204,121200640
1562019205,121200640
1562019206,121200640
1562019207,121200640
1562019208,121200640
1562019209,121200640
1562019210,121200640
1562019211,121200640
1562019212,121200640
1562019213,121200640
1562019214,121200640
1562019215,121200640
1562019216,121200640
1562019217,121200640
1562019218,121200640
1562019219,121200640
1562019220,121200640
1562019221,121200640
1562019222,121200640
1562019223,121200640
1562019224,121200640
1562019225,121200640
1562019226,121200640
1562019227,121200640
1562019228,121200640
1562019229,121200640
1562019230,121200640
1562019231,121200640
1562019232,121200640
1562019233,121200640
1562019234,121200640
1562019235,121200640
1562019236,121200640
1562019237,121200640
1562019238,121200640
1562019239,121200640
1562019240,121200640
1562019241,121200640
1562019242,121200640
1562019243,121200640
1562019244,121200640
1562019245,121200640
1562019246,121200640
1562019247,121200640
1562019248,121200640
1562019249,121200640
1562019250,121200640
1562019251,121200640
1562019252,121200640
1562019253,121200640
1562019254,121200640
1562019255,121200640
1562019256,121200640
1562019257,121200640
1562019258,121200640
1562019259,121200640
1562019260,121200640
1562019261,121200640
1562019262,121200640
1562019263,121200640
1562019264,121200640
1562019265,121200640
1562019266,121200640
1562019267,121200640
1562019268,121200640
1562019269,119799808
1562019270,119799808
1562019271,119799808
1562019272,119799808
1562019273,119799808
1562019274,119799808
1562019275,119799808
1562019276,119799808
1562019277,119799808
1562019278,119799808
1562019279,119799808
1562019280,119799808
1562019281,119799808
1562019282,119799808
1562019283,119799808
1562019284,119799808
1562019285,119799808
1562019286,119799808
1562019287,119799808
1562019288,119799808
1562019289,119799808
1562019290,119799808
1562019291,119799808
1562019292,119799808
1562019293,119799808
1562019294,119799808
1562019295,119799808
1562019296,119799808
1562019297,119799808
1562019298,119799808
1562019299,119799808
1562019300,119799808
1562019301,119799808
1562019302,119799808
1562019303,119799808
1562019304,119799808
1562019305,119799808
1562019306,119799808
1562019307,119799808
1562019308,119799808
1562019309,119799808
1562019310,119799808
1562019311,119799808
1562019312,119799808
1562019313,119799808
1562019314,119799808
1562019315,119799808
1562019316,119799808
1562019317,119799808
1562019318,119799808
1562019319,119799808
1562019320,120610816
1562019321,120610816
1562019322,120610816
1562019323,120610816
1562019324,120610816
1562019325,120610816
1562019326,120610816
1562019327,120610816
1562019328,120610816
1562019329,120610816
1562019330,120610816
1562019331,120610816
1562019332,120610816
1562019333,120610816
1562019334,120610816
1562019335,120610816
1562019336,120610816
1562019337,120610816
1562019338,120610816
1562019339,120610816
1562019340,120610816
1562019341,120610816
1562019342,120610816
1562019343,120610816
1562019344,120610816
1562019345,120610816
1562019346,120610816
1562019347,120610816
1562019348,120610816
1562019349,120610816
1562019350,120610816
1562019351,120610816
1562019352,120610816
1562019353,120610816
1562019354,120610816
1562019355,120610816
1562019356,120610816
1562019357,120610816
1562019358,120610816
1562019359,120610816
1562019360,120610816
1562019361,120610816
1562019362,120610816
1562019363,120610816
1562019364,120610816
1562019365,120610816
1562019366,120610816
1562019367,120610816
1562019368,120610816
1562019369,120610816
1562019370,120610816
1562019371,120610816
1562019372,120610816
1562019373,120610816
1562019374,120610816
1562019375,120610816
1562019376,120610816
1562019377,120610816
1562019378,120610816
1562019379,120610816
1562019380,120610816
1562019381,120610816
1562019382,120610816
1562019383,120610816
1562019384,120610816
1562019385,120610816
1562019386,120610816
1562019387,120610816
1562019388,120610816
1562019389,120610816
1562019390,120610816
1562019391,120610816
1562019392,120610816
1562019393,120610816
1562019394,120610816
1562019395,120610816
1562019396,120610816
1562019397,120610816
1562019398,120610816
1562019399,120610816
1562019400,120610816
1562019401,120610816
1562019402,120610816
1562019403,120610816
1562019404,120610816
1562019405,120610816
1562019406,120610816
1562019407,120610816
1562019408,120610816
1562019409,120610816
1562019410,120610816
1562019411,120610816
1562019412,120610816
1562019413,120610816
1562019414,120610816
1562019415,120610816
1562019416,120610816
1562019417,120610816
1562019418,120610816
1562019419,120610816
1562019420,120610816
1562019421,120610816
1562019422,120610816
1562019423,120610816
1562019424,120610816
1562019425,120610816
1562019426,120610816
1562019427,120610816
1562019428,120610816
1562019429,120610816
1562019430,120610816
1562019431,120610816
1562019432,120610816
1562019433,120610816
1562019434,120610816
1562019435,120610816
1562019436,120610816
1562019437,120610816
1562019438,120610816
1562019439,120610816
1562019440,120610816
1562019441,120610816
1562019442,120610816
1562019443,120610816
1562019444,120610816
1562019445,120610816
1562019446,120610816
1562019447,120610816
1562019448,120610816
1562019449,120610816
1562019450,120610816
1562019451,120610816
1562019452,120610816
1562019453,120610816
1562019454,120610816
1562019455,120610816
1562019456,120610816
1562019457,120610816
1562019458,120610816
1562019459,120610816
1562019460,120610816
1562019461,120610816
1562019462,120610816
1562019463,120610816
1562019464,120610816
1562019465,120610816
1562019466,120610816
1562019467,120610816
1562019468,120610816
1562019469,120610816
1562019470,120610816
1562019471,120610816
1562019472,120610816
1562019473,120610816
1562019474,120610816
1562019475,120610816
1562019476,120610816
1562019477,120610816
1562019478,120610816
1562019479,120610816
1562019480,120610816
1562019481,120610816
1562019482,120610816
1562019483,120610816
1562019484,120610816
1562019485,120610816
1562019486,120610816
1562019487,120610816
1562019488,120610816
1562019489,120610816
1562019490,120610816
1562019491,120610816
1562019492,120610816
1562019493,120610816
1562019494,120610816
1562019495,120610816
1562019496,120610816
1562019497,120610816
1562019498,120610816
1562019499,120610816
1562019500,120610816
1562019501,120610816
1562019502,120610816
1562019503,120610816
1562019504,120610816
1562019505,120610816
1562019506,120610816
1562019507,120610816
1562019508,120610816
1562019509,120610816
1562019510,120610816
1562019511,120610816
1562019512,120610816
1562019513,120610816
1562019514,120610816
1562019515,120610816
1562019516,120610816
1562019517,120610816
1562019518,120610816
1562019519,120610816
1562019520,120610816
1562019521,120610816
1562019522,120610816
1562019523,120610816
1562019524,120610816
1562019525,120610816
1562019526,120610816
1562019527,120610816
1562019528,120610816
1562019529,120610816
1562019530,120610816
1562019531,120610816
1562019532,120610816
1562019533,120610816
1562019534,120610816
1562019535,120610816
1562019536,120610816
1562019537,120610816
1562019538,120610816
1562019539,120610816
1562019540,120610816
1562019541,120610816
1562019542,120610816
1562019543,120610816
1562019544,120610816
1562019545,120610816
1562019546,120610816
1562019547,120610816
1562019548,120610816
1562019549,120610816
1562019550,120610816
1562019551,120610816
1562019552,120610816
1562019553,120610816
1562019554,120610816
1562019555,120610816
1562019556,120610816
1562019557,120610816
1562019558,120610816
1562019559,120610816
1562019560,120610816
1562019561,120610816
1562019562,120610816
1562019563,120610816
1562019564,120610816
1562019565,120610816
1562019566,120610816
1562019567,120610816
1562019568,120610816
1562019569,120610816
1562019570,120610816
1562019571,120610816
1562019572,120610816
1562019573,120610816
1562019574,120610816
1562019575,120610816
1562019576,120610816
1562019577,120610816
1562019578,120610816
1562019579,120610816
1562019580,120610816
1562019581,120610816
1562019582,120610816
1562019583,120610816
1562019584,120610816
1562019585,120610816
1562019586,120610816
1562019587,120610816
1562019588,120610816
1562019589,120610816
1562019590,120610816
1562019591,120610816
1562019592,120610816
1562019593,120610816
1562019594,120610816
1562019595,120610816
1562019596,120610816
1562019597,120610816
1562019598,120610816
1562019599,120610816
1562019600,120610816
1562019601,120610816
1562019602,120610816
1562019603,120610816
1562019604,120610816
1562019605,120610816
1562019606,120610816
1562019607,120610816
1562019608,120610816
1562019609,120610816
1562019610,120610816
1562019611,120610816
1562019612,120610816
1562019613,120610816
1562019614,120610816
1562019615,120610816
1562019616,120610816
1562019617,120610816
1562019618,120610816
1562019619,120610816
1562019620,120610816
1562019621,120610816
1562019622,120610816
1562019623,120610816
1562019624,120610816
1562019625,120610816
1562019626,120610816
1562019627,120610816
1562019628,120610816
1562019629,120610816
1562019630,120610816
1562019631,120610816
1562019632,120610816
1562019633,120610816
1562019634,120610816
1562019635,120610816
1562019636,120610816
1562019637,120610816
1562019638,120610816
1562019639,120610816
1562019640,120610816
1562019641,120610816
1562019642,120610816
1562019643,120610816
1562019644,120610816
1562019645,120610816
1562019646,120610816
1562019647,120610816
1562019648,120610816
1562019649,120610816
1562019650,120610816
1562019651,120610816
1562019652,120610816
1562019653,120610816
1562019654,120610816
1562019655,120610816
1562019656,120610816
1562019657,120610816
1562019658,120610816
1562019659,120610816
1562019660,120610816
1562019661,120610816
1562019662,120610816
1562019663,120610816
1562019664,120610816
1562019665,120610816
1562019666,120610816
1562019667,120610816
1562019668,120610816
1562019669,120610816
1562019670,120610816
1562019671,120610816
1562019672,120610816
1562019673,120610816
1562019674,120610816
1562019675,120610816
1562019676,120610816
1562019677,120610816
1562019678,120610816
1562019679,120610816
1562019680,120610816
1562019681,120610816
1562019682,120610816
1562019683,120610816
1562019684,120610816
1562019685,120610816
1562019686,120610816
1562019687,120610816
1562019688,120610816
1562019689,120610816
1562019690,120610816
1562019691,120610816
1562019692,120610816
1562019693,120610816
1562019694,120610816
1562019695,120610816
1562019696,120610816
1562019697,120610816
1562019698,120610816
1562019699,120610816
1562019700,120610816
1562019701,120610816
1562019702,120610816
1562019703,120610816
1562019704,120610816
1562019705,120610816
1562019706,120610816
1562019707,120610816
1562019708,120610816
1562019709,120610816
1562019710,120610816
1562019711,120610816
1562019712,120610816
1562019713,120610816
1562019714,120610816
1562019715,120610816
1562019716,120610816
1562019717,120610816
1562019718,120610816
1562019719,120610816
1562019720,120610816
1562019721,120610816
1562019722,120610816
1562019723,120610816
1562019724,120610816
1562019725,120610816
1562019726,120610816
1562019727,120610816
1562019728,120610816
1562019729,120610816
1562019730,120610816
1562019731,120610816
1562019732,120610816
1562019733,120610816
1562019734,120610816
1562019735,120610816
1562019736,120610816
1562019737,120610816
1562019738,120610816
1562019739,120610816
1562019740,120610816
1562019741,120610816
1562019742,120610816
1562019743,120610816
1562019744,120610816
1562019745,120610816
1562019746,120610816
1562019747,120610816
1562019748,120610816
1562019749,120610816
1562019750,120610816
1562019751,120610816
1562019752,120610816
1562019753,120610816
1562019754,120610816
1562019755,120610816
1562019756,120610816
1562019757,120610816
1562019758,120610816
1562019759,120610816
1562019760,120610816
1562019761,120610816
1562019762,120610816
1562019763,120610816
1562019764,120610816
1562019765,120610816
1562019766,120610816
1562019767,120610816
1562019768,120610816
1562019769,120610816
1562019770,120610816
1562019771,120610816
1562019772,120610816
1562019773,120610816
1562019774,120610816
1562019775,120610816
1562019776,120610816
1562019777,120610816
1562019778,120610816
1562019779,120610816
1562019780,120610816
1562019781,120610816
1562019782,120610816
1562019783,120610816
1562019784,120610816
1562019785,120610816
1562019786,120610816
1562019787,120610816
1562019788,120610816
1562019789,120610816
1562019790,120610816
1562019791,120610816
1562019792,120610816
1562019793,120610816
1562019794,120610816
1562019795,120610816
1562019796,120610816
1562019797,120610816
1562019798,120610816
1562019799,120610816
1562019800,120610816
1562019801,120610816
1562019802,120610816
1562019803,120610816
1562019804,120610816
1562019805,120610816
1562019806,120610816
1562019807,120610816
1562019808,120610816
1562019809,120610816
1562019810,120610816
1562019811,120610816
1562019812,120610816
1562019813,120610816
1562019814,120610816
1562019815,120610816
1562019816,120610816
1562019817,120610816
1562019818,120610816
1562019819,120610816
1562019820,120610816
1562019821,120610816
1562019822,120610816
1562019823,120610816
1562019824,120610816
1562019825,120610816
1562019826,120610816
1562019827,120610816
1562019828,120610816
1562019829,120610816
1562019830,120610816
1562019831,120610816
1562019832,120610816
1562019833,120610816
1562019834,120610816
1562019835,120610816
1562019836,120610816
1562019837,120610816
1562019838,120610816
1562019839,120610816
1562019840,120610816
1562019841,120610816
1562019842,120610816
1562019843,120610816
1562019844,120610816
1562019845,120610816
1562019846,120610816
1562019847,120610816
1562019848,120610816
1562019849,120610816
1562019850,120610816
1562019851,120610816
1562019852,120610816
1562019853,120610816
1562019854,120610816
1562019855,120610816
1562019856,120610816
1562019857,120610816
1562019858,120610816
1562019859,120610816
1562019860,120610816
1562019861,120610816
1562019862,120610816
1562019863,120610816
1562019864,120610816
1562019865,120610816
1562019866,120610816
1562019867,120610816
1562019868,120610816
1562019869,120610816
1562019870,120610816
1562019871,120610816
1562019872,120610816
1562019873,120610816
1562019874,120610816
1562019875,120610816
1562019876,120610816
1562019877,120610816
1562019878,120610816
1562019879,120610816
1562019880,120610816
1562019881,120610816
1562019882,120610816
1562019883,120610816
1562019884,120610816
1562019885,120610816
1562019886,120610816
1562019887,120610816
1562019888,120610816
1562019889,120610816
1562019890,120610816
1562019891,120610816
1562019892,120610816
1562019893,120610816
1562019894,120610816
1562019895,120610816
1562019896,120610816
1562019897,120610816
1562019898,120610816
1562019899,120610816
1562019900,120610816
1562019901,120610816
1562019902,120610816
1562019903,120610816
1562019904,120610816
1562019905,120610816
1562019906,120610816
1562019907,120610816
1562019908,120610816
1562019909,120610816
1562019910,120610816
1562019911,120610816
1562019912,120610816
1562019913,120610816
1562019914,120610816
1562019915,120610816
1562019916,120610816
1562019917,120610816
1562019918,120610816
1562019919,120610816
1562019920,120610816
1562019921,120610816
1562019922,120610816
1562019923,120610816
1562019924,120610816
1562019925,120610816
1562019926,120610816
1562019927,120610816
1562019928,120610816
1562019929,120610816
1562019930,120610816
1562019931,120610816
1562019932,120610816
1562019933,120610816
1562019934,120610816
1562019935,120610816
1562019936,120610816
1562019937,120610816
1562019938,120610816
1562019939,120610816
1562019940,120610816
1562019941,120610816
1562019942,120610816
1562019943,120610816
1562019944,120610816
1562019945,120610816
1562019946,120610816
1562019947,120610816
1562019948,120610816
1562019949,120610816
1562019950,120610816
1562019951,120610816
1562019952,120610816
1562019953,120610816
1562019954,120610816
1562019955,120610816
1562019956,120610816
1562019957,120610816
1562019958,120610816
1562019959,120610816
1562019960,120610816
1562019961,120610816
1562019962,120610816
1562019963,120610816
1562019964,120610816
1562019965,120610816
1562019966,120610816
1562019967,120610816
1562019968,120610816
1562019969,120610816
1562019970,120610816
1562019971,120610816
1562019972,120610816
1562019973,120610816
1562019974,120610816
1562019975,120610816
1562019976,120610816
1562019977,120610816
1562019978,120610816
1562019979,120610816
1562019980,120610816
1562019981,120610816
1562019982,120610816
1562019983,120610816
1562019984,120610816
1562019985,120610816
1562019986,120610816
1562019987,120610816
1562019988,120610816
1562019989,120610816
1562019990,120610816
1562019991,120610816
1562019992,120610816
1562019993,121421824
1562019994,121421824
1562019995,121421824
1562019996,121421824
1562019997,121421824
1562019998,121421824
1562019999,121421824
1562020000,121421824
1562020001,121421824
1562020002,121421824
1562020003,121421824
1562020004,121421824
1562020005,121421824
1562020006,121421824
1562020007,121421824
1562020008,121421824
1562020009,121421824
1562020010,121421824
1562020011,121421824
1562020012,121421824
1562020013,121421824
1562020014,121421824
1562020015,121421824
1562020016,121421824
1562020017,121421824
1562020018,121421824
1562020019,121421824
1562020020,121421824
1562020021,121421824
1562020022,121421824
1562020023,121421824
1562020024,121421824
1562020025,121421824
1562020026,121421824
1562020027,121421824
1562020028,121421824
1562020029,121421824
1562020030,121421824
1562020031,121421824
1562020032,121421824
1562020033,121421824
1562020034,121421824
1562020035,121421824
1562020036,121421824
1562020037,121421824
1562020038,121421824
1562020039,121421824
1562020040,121421824
1562020041,121421824
1562020042,121421824
1562020043,121421824
1562020044,121421824
1562020045,121421824
1562020046,121421824
1562020047,121421824
1562020048,121421824
1562020049,121421824
1562020050,121421824
1562020051,121421824
1562020052,121421824
1562020053,121421824
1562020054,121421824
1562020055,121421824
1562020056,121421824
1562020057,121421824
1562020058,121421824
1562020059,121421824
1562020060,121421824
1562020061,121421824
1562020062,121421824
1562020063,121421824
1562020064,121421824
1562020065,121421824
1562020066,121421824
1562020067,121421824
1562020068,121421824
1562020069,121421824
1562020070,121421824
1562020071,121421824
1562020072,121421824
1562020073,121421824
1562020074,121421824
1562020075,121421824
1562020076,121421824
1562020077,121421824
1562020078,121421824
1562020079,121421824
1562020080,121421824
1562020081,121421824
1562020082,121421824
1562020083,121421824
1562020084,121421824
1562020085,121421824
1562020086,121421824
1562020087,121421824
1562020088,121421824
1562020089,121421824
1562020090,121421824
1562020091,121421824
1562020092,121421824
1562020093,121421824
1562020094,121421824
1562020095,121421824
1562020096,121421824
1562020097,121421824
1562020098,121421824
1562020099,121421824
1562020100,121421824
1562020101,121421824
1562020102,121421824
1562020103,121421824
1562020104,121421824
1562020105,121421824
1562020106,121421824
1562020107,121421824
1562020108,121421824
1562020109,121421824
1562020110,121421824
1562020111,121421824
1562020112,121421824
1562020113,121421824
1562020114,121421824
1562020115,121421824
1562020116,121421824
1562020117,121421824
1562020118,121421824
1562020119,121421824
1562020120,121962496
1562020121,121962496
1562020122,121962496
1562020123,121962496
1562020124,121962496
1562020125,121962496
1562020126,121962496
1562020127,121962496
1562020128,121962496
1562020129,121962496
1562020130,121962496
1562020131,121962496
1562020132,121962496
1562020133,121962496
1562020134,121962496
1562020135,121962496
1562020136,121962496
1562020137,121962496
1562020138,121962496
1562020139,121962496
1562020140,121962496
1562020141,121962496
1562020142,121962496
1562020143,121962496
1562020144,121962496
1562020145,121962496
1562020146,121962496
1562020147,121962496
1562020148,121962496
1562020149,121962496
1562020150,121962496
1562020151,121962496
1562020152,121962496
1562020153,121962496
1562020154,121962496
1562020155,121962496
1562020156,121962496
1562020157,121962496
1562020158,121962496
1562020159,121962496
1562020160,121962496
1562020161,121962496
1562020162,121962496
1562020163,121962496
1562020164,121962496
1562020165,121962496
1562020166,121962496
1562020167,121962496
1562020168,121962496
1562020169,121962496
1562020170,121962496
1562020171,121962496
1562020172,121962496
1562020173,121962496
1562020174,121962496
1562020175,121962496
1562020176,121962496
1562020177,121962496
1562020178,121962496
1562020179,121962496
1562020180,121962496
1562020181,121962496
1562020182,121962496
1562020183,121962496
1562020184,121962496
1562020185,121962496
1562020186,121962496
1562020187,121962496
1562020188,121962496
1562020189,121962496
1562020190,121962496
1562020191,121962496
1562020192,121962496
1562020193,121962496
1562020194,121962496
1562020195,121962496
1562020196,121962496
1562020197,121962496
1562020198,121962496
1562020199,121962496
1562020200,121962496
1562020201,121962496
1562020202,121962496
1562020203,121962496
1562020204,121962496
1562020205,121962496
1562020206,121962496
1562020207,121962496
1562020208,121962496
1562020209,121962496
1562020210,121962496
1562020211,121962496
1562020212,121962496
1562020213,121962496
1562020214,121962496
1562020215,121962496
1562020216,121962496
1562020217,121962496
1562020218,121962496
1562020219,121962496
1562020220,121962496
1562020221,121962496
1562020222,121962496
1562020223,121962496
1562020224,121962496
1562020225,121962496
1562020226,121962496
1562020227,121962496
1562020228,121962496
1562020229,121962496
1562020230,121962496
1562020231,121962496
1562020232,121962496
1562020233,121962496
1562020234,121962496
1562020235,121962496
1562020236,121962496
1562020237,121962496
1562020238,121962496
1562020239,121962496
1562020240,121962496
1562020241,121962496
1562020242,121962496
1562020243,121962496
1562020244,121962496
1562020245,121962496
1562020246,121962496
1562020247,121962496
1562020248,121962496
1562020249,121962496
1562020250,121962496
1562020251,121962496
1562020252,121962496
1562020253,121962496
1562020254,121962496
1562020255,121962496
1562020256,121962496
1562020257,121962496
1562020258,121962496
1562020259,121962496
1562020260,121962496
1562020261,121962496
1562020262,121962496
1562020263,121962496
1562020264,121962496
1562020265,121962496
1562020266,121962496
1562020267,121962496
1562020268,121962496
1562020269,121962496
1562020270,121962496
1562020271,121962496
1562020272,121962496
1562020273,121962496
1562020274,121962496
1562020275,121962496
1562020276,121962496
1562020277,121962496
1562020278,121962496
1562020279,121962496
1562020280,121962496
1562020281,121962496
1562020282,121962496
1562020283,121962496
1562020284,121962496
1562020285,121962496
1562020286,121962496
1562020287,121962496
1562020288,121962496
1562020289,121962496
1562020290,121962496
1562020291,121962496
1562020292,121962496
1562020293,121962496
1562020294,121962496
1562020295,121962496
1562020296,121962496
1562020297,121962496
1562020298,121962496
1562020299,121962496
1562020300,121962496
1562020301,121962496
1562020302,121962496
1562020303,121962496
1562020304,121962496
1562020305,121962496
1562020306,121962496
1562020307,121962496
1562020308,121962496
1562020309,121962496
1562020310,121962496
1562020311,121962496
1562020312,121962496
1562020313,121962496
1562020314,121962496
1562020315,121962496
1562020316,121962496
1562020317,121962496
1562020318,121962496
1562020319,121962496
1562020320,121962496
1562020321,121962496
1562020322,121962496
1562020323,121962496
1562020324,121962496
1562020325,121962496
1562020326,121962496
1562020327,121962496
1562020328,121962496
1562020329,121962496
1562020330,121962496
1562020331,121962496
1562020332,121962496
1562020333,121962496
1562020334,121962496
1562020335,121962496
1562020336,121962496
1562020337,121962496
1562020338,121962496
1562020339,121962496
1562020340,121962496
1562020341,121962496
1562020342,121962496
1562020343,121962496
1562020344,121962496
1562020345,121962496
1562020346,121962496
1562020347,121962496
1562020348,121962496
1562020349,121962496
1562020350,121962496
1562020351,121962496
1562020352,121962496
1562020353,121962496
1562020354,121962496
1562020355,121962496
1562020356,121962496
1562020357,121962496
1562020358,121962496
1562020359,121962496
1562020360,121962496
1562020361,121962496
1562020362,121962496
1562020363,121962496
1562020364,121962496
1562020365,121962496
1562020366,121962496
1562020367,121962496
1562020368,121962496
1562020369,121962496
1562020370,121962496
1562020371,121962496
1562020372,121962496
1562020373,121962496
1562020374,121962496
1562020375,121962496
1562020376,121962496
1562020377,121962496
1562020378,121962496
1562020379,121962496
1562020380,121962496
1562020381,121962496
1562020382,121962496
1562020383,121962496
1562020384,121962496
1562020385,121962496
1562020386,121962496
1562020387,121962496
1562020388,121962496
1562020389,121962496
1562020390,121962496
1562020391,121962496
1562020392,121962496
1562020393,121962496
1562020394,121962496
1562020395,121962496
1562020396,121962496
1562020397,121962496
1562020398,121962496
1562020399,121962496
1562020400,121962496
1562020401,121962496
1562020402,121962496
1562020403,121962496
1562020404,121962496
1562020405,121962496
1562020406,121962496
1562020407,121962496
1562020408,121962496
1562020409,121962496
1562020410,121962496
1562020411,121962496
1562020412,121962496
1562020413,121962496
1562020414,121962496
1562020415,121962496
1562020416,121962496
1562020417,121962496
1562020418,121962496
1562020419,121962496
1562020420,121962496
1562020421,121962496
1562020422,121962496
1562020423,121962496
1562020424,121962496
1562020425,121962496
1562020426,121962496
1562020427,121962496
1562020428,121962496
1562020429,121962496
1562020430,121962496
1562020431,121962496
1562020432,121962496
1562020433,121962496
1562020434,121962496
1562020435,121962496
1562020436,121962496
1562020437,121962496
1562020438,121962496
1562020439,121962496
1562020440,121962496
1562020441,121962496
1562020442,121962496
1562020443,121962496
1562020444,121962496
1562020445,121962496
1562020446,121962496
1562020447,121962496
1562020448,121962496
1562020449,121962496
1562020450,121962496
1562020451,121962496
1562020452,121962496
1562020453,121962496
1562020454,121962496
1562020455,121962496
1562020456,121962496
1562020457,121962496
1562020458,121962496
1562020459,121962496
1562020460,121962496
1562020461,121962496
1562020462,121962496
1562020463,121962496
1562020464,121962496
1562020465,121962496
1562020466,121962496
1562020467,121962496
1562020468,121962496
1562020469,121962496
1562020470,121962496
1562020471,121962496
1562020472,121962496
1562020473,121962496
1562020474,121962496
1562020475,121962496
1562020476,121962496
1562020477,121962496
1562020478,121962496
1562020479,121962496
1562020480,121962496
1562020481,121962496
1562020482,121962496
1562020483,121962496
1562020484,121962496
1562020485,121962496
1562020486,121962496
1562020487,121962496
1562020488,121962496
1562020489,121962496
1562020490,121962496
1562020491,121962496
1562020492,121962496
1562020493,121962496
1562020494,121962496
1562020495,121962496
1562020496,121962496
1562020497,121962496
1562020498,121962496
1562020499,121962496
1562020500,121962496
1562020501,121962496
1562020502,121962496
1562020503,121962496
1562020504,121962496
1562020505,121962496
1562020506,121962496
1562020507,121962496
1562020508,121962496
1562020509,121962496
1562020510,121962496
1562020511,121962496
1562020512,121962496
1562020513,121962496
1562020514,121962496
1562020515,121962496
1562020516,121962496
1562020517,121962496
1562020518,121962496
1562020519,121962496
1562020520,121962496
1562020521,121962496
1562020522,121962496
1562020523,121962496
1562020524,121962496
1562020525,121962496
1562020526,121962496
1562020527,121962496
1562020528,121962496
1562020529,121962496
1562020530,121962496
1562020531,121962496
1562020532,121962496
1562020533,121962496
1562020534,121962496
1562020535,121962496
1562020536,121962496
1562020537,121962496
1562020538,121962496
1562020539,121962496
1562020540,121962496
1562020541,121962496
1562020542,121962496
1562020543,121962496
1562020544,121962496
1562020545,121962496
1562020546,121962496
1562020547,121962496
1562020548,121962496
1562020549,121962496
1562020550,121962496
1562020551,121962496
1562020552,121962496
1562020553,121962496
1562020554,121962496
1562020555,121962496
1562020556,121962496
1562020557,121962496
1562020558,121962496
1562020559,121962496
1562020560,121962496
1562020561,121962496
1562020562,121962496
1562020563,121962496
1562020564,121962496
1562020565,121962496
1562020566,121962496
1562020567,121962496
1562020568,121962496
1562020569,121962496
1562020570,121962496
1562020571,121962496
1562020572,121962496
1562020573,121962496
1562020574,121962496
1562020575,121962496
1562020576,121962496
1562020577,121962496
1562020578,121962496
1562020579,121962496
1562020580,121962496
1562020581,121962496
1562020582,121962496
1562020583,121962496
1562020584,121962496
1562020585,121962496
1562020586,121962496
1562020587,121962496
1562020588,121962496
1562020589,121962496
1562020590,121962496
1562020591,121962496
1562020592,121962496
1562020593,121962496
1562020594,121962496
1562020595,121962496
1562020596,121962496
1562020597,121962496
1562020598,121962496
1562020599,121962496
1562020600,121962496
1562020601,121962496
1562020602,121962496
1562020603,121962496
1562020604,121962496
1562020605,121962496
1562020606,121962496
1562020607,121962496
1562020608,121962496
1562020609,121962496
1562020610,121962496
1562020611,121962496
1562020612,121962496
1562020613,121962496
1562020614,121962496
1562020615,121962496
1562020616,121962496
1562020617,121962496
1562020618,121962496
1562020619,121962496
1562020620,121962496
1562020621,121962496
1562020622,121962496
1562020623,121962496
1562020624,121962496
1562020625,121962496
1562020626,121962496
1562020627,121962496
1562020628,121962496
1562020629,121962496
1562020630,121962496
1562020631,121962496
1562020632,121962496
1562020633,121962496
1562020634,121962496
1562020635,121962496
1562020636,121962496
1562020637,121962496
1562020638,121962496
1562020639,121962496
1562020640,121962496
1562020641,121962496
1562020642,121962496
1562020643,121962496
1562020644,121962496
1562020645,121962496
1562020646,121962496
1562020647,121962496
1562020648,121962496
1562020649,121962496
1562020650,121962496
1562020651,121962496
1562020652,121962496
1562020653,121962496
1562020654,121962496
1562020655,121962496
1562020656,121962496
1562020657,121962496
1562020658,121962496
1562020659,121962496
1562020660,121962496
1562020661,121962496
1562020662,121962496
1562020663,121962496
1562020664,121962496
1562020665,121962496
1562020666,121962496
1562020667,121962496
1562020668,121962496
1562020669,121962496
1562020670,121962496
1562020671,121962496
1562020672,121962496
1562020673,121962496
1562020674,121962496
1562020675,121962496
1562020676,121962496
1562020677,121962496
1562020678,121962496
1562020679,121962496
1562020680,121962496
1562020681,121962496
1562020682,121962496
1562020683,121962496
1562020684,121962496
1562020685,121962496
1562020686,121962496
1562020687,121962496
1562020688,121962496
1562020689,121962496
1562020690,121962496
1562020691,121962496
1562020692,121962496
1562020693,121962496
1562020694,121962496
1562020695,121962496
1562020696,121962496
1562020697,121962496
1562020698,121962496
1562020699,121962496
1562020700,121962496
1562020701,121962496
1562020702,121962496
1562020703,121962496
1562020704,121962496
1562020705,121962496
1562020706,121962496
1562020707,121962496
1562020708,121962496
1562020709,121962496
1562020710,121962496
1562020711,121962496
1562020712,121962496
1562020713,121962496
1562020714,121962496
1562020715,121962496
1562020716,121962496
1562020717,121962496
1562020718,121962496
1562020719,121962496
1562020720,121962496
1562020721,121962496
1562020722,121962496
1562020723,121962496
1562020724,121962496
1562020725,121962496
1562020726,121962496
1562020727,121962496
1562020728,121962496
1562020729,121962496
1562020730,121962496
1562020731,121962496
1562020732,121962496
1562020733,121962496
1562020734,121962496
1562020735,121962496
1562020736,121962496
1562020737,121962496
1562020738,121962496
1562020739,121962496
1562020740,121962496
1562020741,121962496
1562020742,121962496
1562020743,121962496
1562020744,121962496
1562020745,121962496
1562020746,121962496
1562020747,121962496
1562020748,121962496
1562020749,121962496
1562020750,121962496
1562020751,121962496
1562020752,121962496
1562020753,121962496
1562020754,121962496
1562020755,121962496
1562020756,121962496
1562020757,121962496
1562020758,121962496
1562020759,121962496
1562020760,121962496
1562020761,121962496
1562020762,121962496
1562020763,121962496
1562020764,121962496
1562020765,121962496
1562020766,121962496
1562020767,121962496
1562020768,121962496
1562020769,121962496
1562020770,121962496
1562020771,121962496
1562020772,121962496
1562020773,121962496
1562020774,121962496
1562020775,121962496
1562020776,121962496
1562020777,121962496
1562020778,121962496
1562020779,121962496
1562020780,121962496
1562020781,121962496
1562020782,121962496
1562020783,121962496
1562020784,121962496
1562020785,121962496
1562020786,121962496
1562020787,121962496
1562020788,121962496
1562020789,121962496
1562020790,121962496
1562020791,121962496
1562020792,121962496
1562020793,121962496
1562020794,121962496
1562020795,121962496
1562020796,121962496
1562020797,121962496
1562020798,121962496
1562020799,121962496
1562020800,121962496
1562020801,121962496
1562020802,121962496
1562020803,121962496
1562020804,121962496
1562020805,121962496
1562020806,121962496
1562020807,121962496
1562020808,121962496
1562020809,121962496
1562020810,121962496
1562020811,121962496
1562020812,121962496
1562020813,121962496
1562020814,121962496
1562020815,121962496
1562020816,121962496
1562020817,121962496
1562020818,121962496
1562020819,121962496
1562020820,121962496
1562020821,121962496
1562020822,121962496
1562020823,121962496
1562020824,121962496
1562020825,121962496
1562020826,121962496
1562020827,121962496
1562020828,121962496
1562020829,121962496
1562020830,121962496
1562020831,121962496
1562020832,121962496
1562020833,121962496
1562020834,121962496
1562020835,121962496
1562020836,121962496
1562020837,121962496
1562020838,121962496
1562020839,121962496
1562020840,121962496
1562020841,121962496
1562020842,121962496
1562020843,121962496
1562020844,121962496
1562020845,121962496
1562020846,121962496
1562020847,121962496
1562020848,121962496
1562020849,121962496
1562020850,121962496
1562020851,121962496
1562020852,121962496
1562020853,121962496
1562020854,121962496
1562020855,121962496
1562020856,121962496
1562020857,121962496
1562020858,121962496
1562020859,121962496
1562020860,121962496
1562020861,121962496
1562020862,121962496
1562020863,121962496
1562020864,121962496
1562020865,121962496
1562020866,121962496
1562020867,121962496
1562020868,121962496
1562020869,121962496
1562020870,121962496
1562020871,121962496
1562020872,121962496
1562020873,121962496
1562020874,121962496
1562020875,121962496
1562020876,121962496
1562020877,121962496
1562020878,121962496
1562020879,121962496
1562020880,121962496
1562020881,121962496
1562020882,121962496
1562020883,121962496
1562020884,121962496
1562020885,121962496
1562020886,121962496
1562020887,121962496
1562020888,121962496
1562020889,121962496
1562020890,121962496
1562020891,121962496
1562020892,121962496
1562020893,121962496
1562020894,121962496
1562020895,121962496
1562020896,121962496
1562020897,121962496
1562020898,121962496
1562020899,121962496
1562020900,121962496
1562020901,121962496
1562020902,121962496
1562020903,121962496
1562020904,121962496
1562020905,121962496
1562020906,121962496
1562020907,121962496
1562020908,121962496
1562020909,121962496
1562020910,121962496
1562020911,121962496
1562020912,121962496
1562020913,121962496
1562020914,121962496
1562020915,121962496
1562020916,121962496
1562020917,121962496
1562020918,121962496
1562020919,121962496
1562020920,121962496
1562020921,121962496
1562020922,121962496
1562020923,121962496
1562020924,121962496
1562020925,121962496
1562020926,121962496
1562020927,121962496
1562020928,121962496
1562020929,121962496
1562020930,121962496
1562020931,121962496
1562020932,121962496
1562020933,121962496
1562020934,121962496
1562020935,121962496
1562020936,121962496
1562020937,121962496
1562020938,121962496
1562020939,121962496
1562020940,121962496
1562020941,121962496
1562020942,121962496
1562020943,121962496
1562020944,121962496
1562020945,121962496
1562020946,121962496
1562020947,121962496
1562020948,121962496
1562020949,121962496
1562020950,121962496
1562020951,121962496
1562020952,121962496
1562020953,121962496
1562020954,121962496
1562020955,121962496
1562020956,121962496
1562020957,121962496
1562020958,121962496
1562020959,121962496
1562020960,121962496
1562020961,121962496
1562020962,121962496
1562020963,121962496
1562020964,121962496
1562020965,121962496
1562020966,121962496
1562020967,121962496
1562020968,121962496
1562020969,121962496
1562020970,121962496
1562020971,121962496
1562020972,121962496
1562020973,121962496
1562020974,121962496
1562020975,121962496
1562020976,121962496
1562020977,121962496
1562020978,121962496
1562020979,121962496
1562020980,121962496
1562020981,121962496
1562020982,121962496
1562020983,121962496
1562020984,121962496
1562020985,121962496
1562020986,121962496
1562020987,121962496
1562020988,121962496
1562020989,121962496
1562020990,121962496
1562020991,121962496
1562020992,121962496
1562020993,121962496
1562020994,121962496
1562020995,121962496
1562020996,121962496
1562020997,121962496
1562020998,121962496
1562020999,121962496
1562021000,121962496
1562021001,121962496
1562021002,121962496
1562021003,121962496
1562021004,121962496
1562021005,121962496
1562021006,121962496
1562021007,121962496
1562021008,121962496
1562021009,121962496
1562021010,121962496
1562021011,121962496
1562021012,121962496
1562021013,121962496
1562021014,121962496
1562021015,121962496
1562021016,121962496
1562021017,121962496
1562021018,121962496
1562021019,121962496
1562021020,121962496
1562021021,121962496
1562021022,121962496
1562021023,121962496
1562021024,121962496
1562021025,121962496
1562021026,121962496
1562021027,121962496
1562021028,121962496
1562021029,121962496
1562021030,121962496
1562021031,121962496
1562021032,121962496
1562021033,121962496
1562021034,121962496
1562021035,121962496
1562021036,121962496
1562021037,121962496
1562021038,121962496
1562021039,121962496
1562021040,121962496
1562021041,121962496
1562021042,121962496
1562021043,121962496
1562021044,121962496
1562021045,121962496
1562021046,121962496
1562021047,121962496
1562021048,121962496
1562021049,121962496
1562021050,121962496
1562021051,121962496
1562021052,121962496
1562021053,121962496
1562021054,121962496
1562021055,121962496
1562021056,121962496
1562021057,121962496
1562021058,121962496
1562021059,121962496
1562021060,121962496
1562021061,121962496
1562021062,121962496
1562021063,121962496
1562021064,121962496
1562021065,121962496
1562021066,121962496
1562021067,121962496
1562021068,121962496
1562021069,121962496
1562021070,121962496
1562021071,121962496
1562021072,121962496
1562021073,121962496
1562021074,121962496
1562021075,121962496
1562021076,121962496
1562021077,121962496
1562021078,121962496
1562021079,121962496
1562021080,121962496
1562021081,121962496
1562021082,121962496
1562021083,121962496
1562021084,121962496
1562021085,121962496
1562021086,121962496
1562021087,121962496
1562021088,121962496
1562021089,121962496
1562021090,121962496
1562021091,121962496
1562021092,121962496
1562021093,121962496
1562021094,121962496
1562021095,121962496
1562021096,121962496
1562021097,121962496
1562021098,121962496
1562021099,121962496
1562021100,121962496
1562021101,121962496
1562021102,121962496
1562021103,121962496
1562021104,121962496
1562021105,121962496
1562021106,121962496
1562021107,121962496
1562021108,121962496
1562021109,121962496
1562021110,121962496
1562021111,121962496
1562021112,121962496
1562021113,121962496
1562021114,121962496
1562021115,121962496
1562021116,121962496
1562021117,121962496
1562021118,121962496
1562021119,121962496
1562021120,121962496
1562021121,121962496
1562021122,121962496
1562021123,121962496
1562021124,121962496
1562021125,121962496
1562021126,121962496
1562021127,121962496
1562021128,121962496
1562021129,121962496
1562021130,121962496
1562021131,121962496
1562021132,121962496
1562021133,121962496
1562021134,121962496
1562021135,121962496
1562021136,121962496
1562021137,121962496
1562021138,121962496
1562021139,121962496
1562021140,121962496
1562021141,121962496
1562021142,121962496
1562021143,121962496
1562021144,121962496
1562021145,121962496
1562021146,121962496
1562021147,121962496
1562021148,121962496
1562021149,121962496
1562021150,121962496
1562021151,121962496
1562021152,121962496
1562021153,121962496
1562021154,121962496
1562021155,121962496
1562021156,121962496
1562021157,121962496
1562021158,121962496
1562021159,121962496
1562021160,121962496
1562021161,121962496
1562021162,121962496
1562021163,121962496
1562021164,121962496
1562021165,121962496
1562021166,121962496
1562021167,121962496
1562021168,121962496
1562021169,121962496
1562021170,121962496
1562021171,121962496
1562021172,121962496
1562021173,121962496
1562021174,121962496
1562021175,121962496
1562021176,121962496
1562021177,121962496
1562021178,121962496
1562021179,121962496
1562021180,121962496
1562021181,121962496
1562021182,121962496
1562021183,121962496
1562021184,121962496
1562021185,121962496
1562021186,121962496
1562021187,121962496
1562021188,121962496
1562021189,121962496
1562021190,121962496
1562021191,121962496
1562021192,121962496
1562021193,121962496
1562021194,121962496
1562021195,121962496
1562021196,121962496
1562021197,121962496
1562021198,121962496
1562021199,121962496
1562021200,121962496
1562021201,121962496
1562021202,121962496
1562021203,121962496
1562021204,121962496
1562021205,121962496
1562021206,121962496
1562021207,121962496
1562021208,121962496
1562021209,121962496
1562021210,121962496
1562021211,121962496
1562021212,121962496
1562021213,121962496
1562021214,121962496
1562021215,121962496
1562021216,121962496
1562021217,121962496
1562021218,121962496
1562021219,121962496
1562021220,121962496
1562021221,121962496
1562021222,121962496
1562021223,121962496
1562021224,121962496
1562021225,121962496
1562021226,121962496
1562021227,121962496
1562021228,121962496
1562021229,121962496
1562021230,121962496
1562021231,121962496
1562021232,121962496
1562021233,121962496
1562021234,121962496
1562021235,121962496
1562021236,121962496
1562021237,121962496
1562021238,121962496
1562021239,121962496
1562021240,121962496
1562021241,121962496
1562021242,121962496
1562021243,121962496
1562021244,121962496
1562021245,121962496
1562021246,121962496
1562021247,121962496
1562021248,121962496
1562021249,121962496
1562021250,121962496
1562021251,121962496
1562021252,121962496
1562021253,121962496
1562021254,121962496
1562021255,121962496
1562021256,121962496
1562021257,121962496
1562021258,121962496
1562021259,121962496
1562021260,121962496
1562021261,121962496
1562021262,121962496
1562021263,121962496
1562021264,121962496
1562021265,121962496
1562021266,121962496
1562021267,121962496
1562021268,121962496
1562021269,121962496
1562021270,121962496
1562021271,121962496
1562021272,121962496
1562021273,121962496
1562021274,121962496
1562021275,121962496
1562021276,121962496
1562021277,121962496
1562021278,121962496
1562021279,121962496
1562021280,121962496
1562021281,121962496
1562021282,121962496
1562021283,121962496
1562021284,121962496
1562021285,121962496
1562021286,121962496
1562021287,121962496
1562021288,121962496
1562021289,121962496
1562021290,121962496
1562021291,121962496
1562021292,121962496
1562021293,121962496
1562021294,121962496
1562021295,121962496
1562021296,121962496
1562021297,121962496
1562021298,121962496
1562021299,121962496
1562021300,121962496
1562021301,121962496
1562021302,121962496
1562021303,121962496
1562021304,121962496
1562021305,121962496
1562021306,121962496
1562021307,121962496
1562021308,121962496
1562021309,121962496
1562021310,121962496
1562021311,121962496
1562021312,121962496
1562021313,121962496
1562021314,121962496
1562021315,121962496
1562021316,121962496
1562021317,121962496
1562021318,121962496
1562021319,121962496
1562021320,121962496
1562021321,121962496
1562021322,121962496
1562021323,121962496
1562021324,121962496
1562021325,121962496
1562021326,121962496
1562021327,121962496
1562021328,121962496
1562021329,121962496
1562021330,121962496
1562021331,121962496
1562021332,121962496
1562021333,121962496
1562021334,121962496
1562021335,121962496
1562021336,121962496
1562021337,121962496
1562021338,121962496
1562021339,121962496
1562021340,121962496
1562021341,121962496
1562021342,121962496
1562021343,121962496
1562021344,121962496
1562021345,121962496
1562021346,121962496
1562021347,121962496
1562021348,121962496
1562021349,121962496
1562021350,121962496
1562021351,121962496
1562021352,121962496
1562021353,121962496
1562021354,121962496
1562021355,121962496
1562021356,121962496
1562021357,121962496
1562021358,121962496
1562021359,121962496
1562021360,121962496
1562021361,121962496
1562021362,121962496
1562021363,121962496
1562021364,121962496
1562021365,121962496
1562021366,121962496
1562021367,121962496
1562021368,121962496
1562021369,120963072
1562021370,120963072
1562021371,120963072
1562021372,120963072
1562021373,120963072
1562021374,120963072
1562021375,120963072
1562021376,120963072
1562021377,120963072
1562021378,120963072
1562021379,120963072
1562021380,120963072
1562021381,120963072
1562021382,120963072
1562021383,120963072
1562021384,120963072
1562021385,120963072
1562021386,120963072
1562021387,120963072
1562021388,120963072
1562021389,120963072
1562021390,120963072
1562021391,120963072
1562021392,120963072
1562021393,120963072
1562021394,120963072
1562021395,120963072
1562021396,120963072
1562021397,120963072
1562021398,120963072
1562021399,120963072
1562021400,120963072
1562021401,120963072
1562021402,120963072
1562021403,120963072
1562021404,120963072
1562021405,120963072
1562021406,120963072
1562021407,120963072
1562021408,120963072
1562021409,120963072
1562021410,120963072
1562021411,120963072
1562021412,120963072
1562021413,120963072
1562021414,120963072
1562021415,120963072
1562021416,120963072
1562021417,120963072
1562021418,120963072
1562021419,120963072
1562021420,120963072
1562021421,120963072
1562021422,120963072
1562021423,120963072
1562021424,120963072
1562021425,120963072
1562021426,120963072
1562021427,120963072
1562021428,120963072
1562021429,120963072
1562021430,120963072
1562021431,120963072
1562021432,120963072
1562021433,120963072
1562021434,120963072
1562021435,120963072
1562021436,120963072
1562021437,120963072
1562021438,120963072
1562021439,120963072
1562021440,120963072
1562021441,120963072
1562021442,120963072
1562021443,120963072
1562021444,120963072
1562021445,120963072
1562021446,120963072
1562021447,120963072
1562021448,120963072
1562021449,120963072
1562021450,120963072
1562021451,120963072
1562021452,120963072
1562021453,120963072
1562021454,120963072
1562021455,120963072
1562021456,120963072
1562021457,120963072
1562021458,120963072
1562021459,120963072
1562021460,120963072
1562021461,120963072
1562021462,120963072
1562021463,120963072
1562021464,120963072
1562021465,120963072
1562021466,120963072
1562021467,120963072
1562021468,120963072
1562021469,120963072
1562021470,120963072
1562021471,120963072
1562021472,120963072
1562021473,120963072
1562021474,120963072
1562021475,120963072
1562021476,120963072
1562021477,120963072
1562021478,120963072
1562021479,120963072
1562021480,120963072
1562021481,120963072
1562021482,120963072
1562021483,120963072
1562021484,120963072
1562021485,121503744
1562021486,121503744
1562021487,121503744
1562021488,121503744
1562021489,121503744
1562021490,121503744
1562021491,121503744
1562021492,121503744
1562021493,121503744
1562021494,121503744
1562021495,121503744
1562021496,121503744
1562021497,121503744
1562021498,121503744
1562021499,121503744
1562021500,121503744
1562021501,121503744
1562021502,121503744
1562021503,121503744
1562021504,121503744
1562021505,121503744
1562021506,121503744
1562021507,121503744
1562021508,121503744
1562021509,121503744
1562021510,121503744
1562021511,121503744
1562021512,121503744
1562021513,121503744
1562021514,121503744
1562021515,121503744
1562021516,121503744
1562021517,121503744
1562021518,121503744
1562021519,121503744
1562021520,121503744
1562021521,121503744
1562021522,121503744
1562021523,121503744
1562021524,121503744
1562021525,121503744
1562021526,121503744
1562021527,121503744
1562021528,121503744
1562021529,121503744
1562021530,121503744
1562021531,121503744
1562021532,121503744
1562021533,121503744
1562021534,121503744
1562021535,121503744
1562021536,121503744
1562021537,121503744
1562021538,121503744
1562021539,121503744
1562021540,121503744
1562021541,121503744
1562021542,121503744
1562021543,121503744
1562021544,121503744
1562021545,121503744
1562021546,121503744
1562021547,121503744
1562021548,121503744
1562021549,121503744
1562021550,121503744
1562021551,121503744
1562021552,121503744
1562021553,121503744
1562021554,121503744
1562021555,121503744
1562021556,121503744
1562021557,121503744
1562021558,121503744
1562021559,121503744
1562021560,121503744
1562021561,121503744
1562021562,121503744
1562021563,121503744
1562021564,121503744
1562021565,121503744
1562021566,121503744
1562021567,121503744
1562021568,121503744
1562021569,121503744
1562021570,121503744
1562021571,121503744
1562021572,121503744
1562021573,121503744
1562021574,121503744
1562021575,121503744
1562021576,121503744
1562021577,121503744
1562021578,121503744
1562021579,121503744
1562021580,121503744
1562021581,121503744
1562021582,121503744
1562021583,121503744
1562021584,121503744
1562021585,121503744
1562021586,121503744
1562021587,121503744
1562021588,121503744
1562021589,121503744
1562021590,121503744
1562021591,121503744
1562021592,121503744
1562021593,121503744
1562021594,121503744
1562021595,121503744
1562021596,121503744
1562021597,121503744
1562021598,121503744
1562021599,121503744
1562021600,121503744
1562021601,121503744
1562021602,121503744
1562021603,121503744
1562021604,121503744
1562021605,121503744
1562021606,121503744
1562021607,121503744
1562021608,121503744
1562021609,121503744
1562021610,121503744
1562021611,121503744
1562021612,121503744
1562021613,121503744
1562021614,121503744
1562021615,121503744
1562021616,121503744
1562021617,121503744
1562021618,121503744
1562021619,121503744
1562021620,121503744
1562021621,121503744
1562021622,121503744
1562021623,121503744
1562021624,121503744
1562021625,121503744
1562021626,121503744
1562021627,121503744
1562021628,121503744
1562021629,121503744
1562021630,121503744
1562021631,121503744
1562021632,121503744
1562021633,121503744
1562021634,121503744
1562021635,121503744
1562021636,121503744
1562021637,121503744
1562021638,121503744
1562021639,121503744
1562021640,121503744
1562021641,121503744
1562021642,121503744
1562021643,121503744
1562021644,121503744
1562021645,121503744
1562021646,121503744
1562021647,121503744
1562021648,121503744
1562021649,121503744
1562021650,121503744
1562021651,121503744
1562021652,121503744
1562021653,121503744
1562021654,121503744
1562021655,121503744
1562021656,121503744
1562021657,121503744
1562021658,121503744
1562021659,121503744
1562021660,121503744
1562021661,121503744
1562021662,121503744
1562021663,121503744
1562021664,121503744
1562021665,121503744
1562021666,121503744
1562021667,121503744
1562021668,121503744
1562021669,121503744
1562021670,121503744
1562021671,121503744
1562021672,121503744
1562021673,121503744
1562021674,121503744
1562021675,121503744
1562021676,121503744
1562021677,121503744
1562021678,121503744
1562021679,121503744
1562021680,121503744
1562021681,121503744
1562021682,121503744
1562021683,121503744
1562021684,121503744
1562021685,121503744
1562021686,121503744
1562021687,121503744
1562021688,121503744
1562021689,121503744
1562021690,121503744
1562021691,121503744
1562021692,121503744
1562021693,121503744
1562021694,121503744
1562021695,121503744
1562021696,121503744
1562021697,121503744
1562021698,121503744
1562021699,121503744
1562021700,121503744
1562021701,121503744
1562021702,121503744
1562021703,121503744
1562021704,121503744
1562021705,121503744
1562021706,121503744
1562021707,121503744
1562021708,121503744
1562021709,121503744
1562021710,121503744
1562021711,121503744
1562021712,121503744
1562021713,121503744
1562021714,121503744
1562021715,121503744
1562021716,121503744
1562021717,121503744
1562021718,121503744
1562021719,121503744
1562021720,121503744
1562021721,121503744
1562021722,121503744
1562021723,121503744
1562021724,121503744
1562021725,121503744
1562021726,121503744
1562021727,121503744
1562021728,121503744
1562021729,121503744
1562021730,121503744
1562021731,121503744
1562021732,121503744
1562021733,121503744
1562021734,121503744
1562021735,121503744
1562021736,121503744
1562021737,121503744
1562021738,121503744
1562021739,121503744
1562021740,121503744
1562021741,121503744
1562021742,121503744
1562021743,121503744
1562021744,121503744
1562021745,121503744
1562021746,121503744
1562021747,121503744
1562021748,121503744
1562021749,121503744
1562021750,121503744
1562021751,121503744
1562021752,121503744
1562021753,121503744
1562021754,121503744
1562021755,121503744
1562021756,121503744
1562021757,121503744
1562021758,121503744
1562021759,121503744
1562021760,121503744
1562021761,121503744
1562021762,121503744
1562021763,121503744
1562021764,121503744
1562021765,121503744
1562021766,121503744
1562021767,121503744
1562021768,121503744
1562021769,121503744
1562021770,121503744
1562021771,121503744
1562021772,121503744
1562021773,121503744
1562021774,121503744
1562021775,121503744
1562021776,121503744
1562021777,121503744
1562021778,121503744
1562021779,121503744
1562021780,121503744
1562021781,121503744
1562021782,121503744
1562021783,121503744
1562021784,121503744
1562021785,121503744
1562021786,121503744
1562021787,121503744
1562021788,121503744
1562021789,121503744
1562021790,121503744
1562021791,121503744
1562021792,121503744
1562021793,121503744
1562021794,121503744
1562021795,121503744
1562021796,121503744
1562021797,121503744
1562021798,121503744
1562021799,121503744
1562021800,121503744
1562021801,121503744
1562021802,121503744
1562021803,121503744
1562021804,121503744
1562021805,121503744
1562021806,121503744
1562021807,121503744
1562021808,121503744
1562021809,121503744
1562021810,121503744
1562021811,121503744
1562021812,121503744
1562021813,121503744
1562021814,121503744
1562021815,121503744
1562021816,121503744
1562021817,121503744
1562021818,121503744
1562021819,121503744
1562021820,121503744
1562021821,121503744
1562021822,121503744
1562021823,121503744
1562021824,121503744
1562021825,121503744
1562021826,121503744
1562021827,121503744
1562021828,121503744
1562021829,121503744
1562021830,121503744
1562021831,121503744
1562021832,121503744
1562021833,121503744
1562021834,121503744
1562021835,121503744
1562021836,121503744
1562021837,121503744
1562021838,121503744
1562021839,121503744
1562021840,121503744
1562021841,121503744
1562021842,121503744
1562021843,121503744
1562021844,121503744
1562021845,121503744
1562021846,121503744
1562021847,121503744
1562021848,121503744
1562021849,121503744
1562021850,121503744
1562021851,121503744
1562021852,121503744
1562021853,121503744
1562021854,121503744
1562021855,121503744
1562021856,121503744
1562021857,121503744
1562021858,121503744
1562021859,121503744
1562021860,121503744
1562021861,121503744
1562021862,121503744
1562021863,121503744
1562021864,121503744
1562021865,121503744
1562021866,121503744
1562021867,121503744
1562021868,121503744
1562021869,121503744
1562021870,121503744
1562021871,121503744
1562021872,121503744
1562021873,121503744
1562021874,121503744
1562021875,121503744
1562021876,121503744
1562021877,121503744
1562021878,121503744
1562021879,121503744
1562021880,121503744
1562021881,121503744
1562021882,121503744
1562021883,121503744
1562021884,121503744
1562021885,121503744
1562021886,121503744
1562021887,121503744
1562021888,121503744
1562021889,121503744
1562021890,121503744
1562021891,121503744
1562021892,121503744
1562021893,121503744
1562021894,121503744
1562021895,121503744
1562021896,121503744
1562021897,121503744
1562021898,121503744
1562021899,121503744
1562021900,121503744
1562021901,121503744
1562021902,121503744
1562021903,121503744
1562021904,121503744
1562021905,121503744
1562021906,121503744
1562021907,121503744
1562021908,121503744
1562021909,121503744
1562021910,121503744
1562021911,121503744
1562021912,121503744
1562021913,121503744
1562021914,121503744
1562021915,121503744
1562021916,121503744
1562021917,121503744
1562021918,121503744
1562021919,121503744
1562021920,121503744
1562021921,121503744
1562021922,121503744
1562021923,121503744
1562021924,121503744
1562021925,121503744
1562021926,121503744
1562021927,121503744
1562021928,121503744
1562021929,121503744
1562021930,121503744
1562021931,121503744
1562021932,121503744
1562021933,121503744
1562021934,121503744
1562021935,121503744
1562021936,121503744
1562021937,121503744
1562021938,121503744
1562021939,121503744
1562021940,121503744
1562021941,121503744
1562021942,121503744
1562021943,121503744
1562021944,121503744
1562021945,121503744
1562021946,121503744
1562021947,121503744
1562021948,121503744
1562021949,121503744
1562021950,121503744
1562021951,121503744
1562021952,121503744
1562021953,121503744
1562021954,121503744
1562021955,121503744
1562021956,121503744
1562021957,121503744
1562021958,121503744
1562021959,121503744
1562021960,121503744
1562021961,121503744
1562021962,121503744
1562021963,121503744
1562021964,121503744
1562021965,121503744
1562021966,121503744
1562021967,121503744
1562021968,121503744
1562021969,121503744
1562021970,121503744
1562021971,121503744
1562021972,121503744
1562021973,121503744
1562021974,121503744
1562021975,121503744
1562021976,121503744
1562021977,121503744
1562021978,121503744
1562021979,121503744
1562021980,121503744
1562021981,121503744
1562021982,121503744
1562021983,121503744
1562021984,121503744
1562021985,121503744
1562021986,121503744
1562021987,121503744
1562021988,121503744
1562021989,121503744
1562021990,121503744
1562021991,121503744
1562021992,121503744
1562021993,121503744
1562021994,121503744
1562021995,121503744
1562021996,121503744
1562021997,121503744
1562021998,121503744
1562021999,121503744
1562022000,121503744
1562022001,121503744
1562022002,121503744
1562022003,121503744
1562022004,121503744
1562022005,121503744
1562022006,121503744
1562022007,121503744
1562022008,121503744
1562022009,121503744
1562022010,121503744
1562022011,121503744
1562022012,121503744
1562022013,121503744
1562022014,121503744
1562022015,121503744
1562022016,121503744
1562022017,121503744
1562022018,121503744
1562022019,121503744
1562022020,121503744
1562022021,121503744
1562022022,121503744
1562022023,121503744
1562022024,121503744
1562022025,121503744
1562022026,121503744
1562022027,121503744
1562022028,121503744
1562022029,121503744
1562022030,121503744
1562022031,121503744
1562022032,121503744
1562022033,121503744
1562022034,121503744
1562022035,121503744
1562022036,121503744
1562022037,121503744
1562022038,121503744
1562022039,121503744
1562022040,121503744
1562022041,121503744
1562022042,121503744
1562022043,121503744
1562022044,121503744
1562022045,121503744
1562022046,121503744
1562022047,121503744
1562022048,121503744
1562022049,121503744
1562022050,121503744
1562022051,121503744
1562022052,121503744
1562022053,121503744
1562022054,121503744
1562022055,121503744
1562022056,121503744
1562022057,121503744
1562022058,121503744
1562022059,121503744
1562022060,121503744
1562022061,121503744
1562022062,121503744
1562022063,121503744
1562022064,121503744
1562022065,121503744
1562022066,121503744
1562022067,121503744
1562022068,121503744
1562022069,121503744
1562022070,121503744
1562022071,121503744
1562022072,121503744
1562022073,121503744
1562022074,121503744
1562022075,121503744
1562022076,121503744
1562022077,121503744
1562022078,121503744
1562022079,121503744
1562022080,121503744
1562022081,121503744
1562022082,121503744
1562022083,121503744
1562022084,121503744
1562022085,121503744
1562022086,121503744
1562022087,121503744
1562022088,121503744
1562022089,121503744
1562022090,121503744
1562022091,121503744
1562022092,121503744
1562022093,121503744
1562022094,121503744
1562022095,121503744
1562022096,121503744
1562022097,121503744
1562022098,121503744
1562022099,121503744
1562022100,121503744
1562022101,121503744
1562022102,121503744
1562022103,121503744
1562022104,121503744
1562022105,121503744
1562022106,121503744
1562022107,121503744
1562022108,121503744
1562022109,121503744
1562022110,121503744
1562022111,121503744
1562022112,121503744
1562022113,121503744
1562022114,121503744
1562022115,121503744
1562022116,121503744
1562022117,121503744
1562022118,121503744
1562022119,121503744
1562022120,121503744
1562022121,121503744
1562022122,121503744
1562022123,121503744
1562022124,121503744
1562022125,121503744
1562022126,121503744
1562022127,121503744
1562022128,121503744
1562022129,121503744
1562022130,121503744
1562022131,121503744
1562022132,121503744
1562022133,121503744
1562022134,121503744
1562022135,121503744
1562022136,121503744
1562022137,121503744
1562022138,121503744
1562022139,121503744
1562022140,121503744
1562022141,121503744
1562022142,121503744
1562022143,121503744
1562022144,121503744
1562022145,121503744
1562022146,121503744
1562022147,121503744
1562022148,121503744
1562022149,121503744
1562022150,121503744
1562022151,121503744
1562022152,121503744
1562022153,121503744
1562022154,121503744
1562022155,121503744
1562022156,121503744
1562022157,121503744
1562022158,121503744
1562022159,121503744
1562022160,121503744
1562022161,121503744
1562022162,121503744
1562022163,121503744
1562022164,121503744
1562022165,121503744
1562022166,121503744
1562022167,121503744
1562022168,121503744
1562022169,121503744
1562022170,121503744
1562022171,121503744
1562022172,121503744
1562022173,121503744
1562022174,121503744
1562022175,121503744
1562022176,121503744
1562022177,121503744
1562022178,121503744
1562022179,121503744
1562022180,121503744
1562022181,121503744
1562022182,121503744
1562022183,121503744
1562022184,121503744
1562022185,121503744
1562022186,121503744
1562022187,121503744
1562022188,121503744
1562022189,121503744
1562022190,121503744
1562022191,121503744
1562022192,121503744
1562022193,121503744
1562022194,121503744
1562022195,121503744
1562022196,121503744
1562022197,121503744
1562022198,121503744
1562022199,121503744
1562022200,121503744
1562022201,121503744
1562022202,121503744
1562022203,121503744
1562022204,121503744
1562022205,121503744
1562022206,121503744
1562022207,121503744
1562022208,121503744
1562022209,121503744
1562022210,121503744
1562022211,121503744
1562022212,121503744
1562022213,121503744
1562022214,121503744
1562022215,121503744
1562022216,121503744
1562022217,121503744
1562022218,121503744
1562022219,121503744
1562022220,121503744
1562022221,121503744
1562022222,121503744
1562022223,121503744
1562022224,121503744
1562022225,121503744
1562022226,121503744
1562022227,121503744
1562022228,121503744
1562022229,121503744
1562022230,121503744
1562022231,121503744
1562022232,121503744
1562022233,121503744
1562022234,121503744
1562022235,121503744
1562022236,121503744
1562022237,121503744
1562022238,121503744
1562022239,121503744
1562022240,121503744
1562022241,121503744
1562022242,121503744
1562022243,121503744
1562022244,121503744
1562022245,121503744
1562022246,121503744
1562022247,121503744
1562022248,121503744
1562022249,121503744
1562022250,121503744
1562022251,121503744
1562022252,121503744
1562022253,121503744
1562022254,121503744
1562022255,121503744
1562022256,121503744
1562022257,121503744
1562022258,121503744
1562022259,121503744
1562022260,121503744
1562022261,121503744
1562022262,121503744
1562022263,121503744
1562022264,121503744
1562022265,121503744
1562022266,121503744
1562022267,121503744
1562022268,121503744
1562022269,121085952
1562022270,121085952
1562022271,121085952
1562022272,121626624
1562022273,121626624
1562022274,121626624
1562022275,121626624
1562022276,121626624
1562022277,121626624
1562022278,121626624
1562022279,121626624
1562022280,121626624
1562022281,121626624
1562022282,121626624
1562022283,121626624
1562022284,121626624
1562022285,121626624
1562022286,121626624
1562022287,121626624
1562022288,121626624
1562022289,121626624
1562022290,121626624
1562022291,121626624
1562022292,121626624
1562022293,121626624
1562022294,121626624
1562022295,121626624
1562022296,121626624
1562022297,121626624
1562022298,121626624
1562022299,121626624
1562022300,121626624
1562022301,121626624
1562022302,121626624
1562022303,121626624
1562022304,121626624
1562022305,121626624
1562022306,121626624
1562022307,121626624
1562022308,121626624
1562022309,121626624
1562022310,121626624
1562022311,121626624
1562022312,121626624
1562022313,121626624
1562022314,121626624
1562022315,121626624
1562022316,121626624
1562022317,121626624
1562022318,121626624
1562022319,121626624
1562022320,121626624
1562022321,121626624
1562022322,121626624
1562022323,121626624
1562022324,121626624
1562022325,121626624
1562022327,121626624
1562022328,121626624
1562022329,121626624
1562022330,121626624
1562022331,121626624
1562022332,121626624
1562022333,121626624
1562022334,121626624
1562022335,121626624
1562022336,121626624
1562022337,121626624
1562022338,121626624
1562022339,121626624
1562022340,121626624
1562022341,121626624
1562022342,121626624
1562022343,121626624
1562022344,121626624
1562022345,121626624
1562022346,121626624
1562022347,121626624
1562022348,121626624
1562022349,121626624
1562022350,121626624
1562022351,121626624
1562022352,121626624
1562022353,121626624
1562022354,121626624
1562022355,121626624
1562022356,121626624
1562022357,121626624
1562022358,121626624
1562022359,121626624
1562022360,121626624
1562022361,121626624
1562022362,121626624
1562022363,121626624
1562022364,121626624
1562022365,121626624
1562022366,121626624
1562022367,121626624
1562022368,121626624
1562022369,121626624
1562022370,121626624
1562022371,121626624
1562022372,121626624
1562022373,121626624
1562022374,121626624
1562022375,121626624
1562022376,121626624
1562022377,121626624
1562022378,121626624
1562022379,121626624
1562022380,121626624
1562022381,121626624
1562022382,121626624
1562022383,121626624
1562022384,121626624
1562022385,121626624
1562022386,121626624
1562022387,121626624
1562022388,121626624
1562022389,121626624
1562022390,121626624
1562022391,121626624
1562022392,121626624
1562022393,121626624
1562022394,121626624
1562022395,121626624
1562022396,121626624
1562022397,121626624
1562022398,121626624
1562022399,121626624
1562022400,121626624
1562022401,121626624
1562022402,121626624
1562022403,121626624
1562022404,121626624
1562022405,121626624
1562022406,121626624
1562022407,121626624
1562022408,121626624
1562022409,121626624
1562022410,121626624
1562022411,121626624
1562022412,121626624
1562022413,121626624
1562022414,121626624
1562022415,121626624
1562022416,121626624
1562022417,121626624
1562022418,121626624
1562022419,121626624
1562022420,121626624
1562022421,121626624
1562022422,121626624
1562022423,121626624
1562022424,121626624
1562022425,121626624
1562022426,121626624
1562022427,121626624
1562022428,121626624
1562022429,121626624
1562022430,121626624
1562022431,121626624
1562022432,121626624
1562022433,121626624
1562022434,121626624
1562022435,121626624
1562022436,121626624
1562022437,121626624
1562022438,121626624
1562022439,121626624
1562022440,121626624
1562022441,121626624
1562022442,121626624
1562022443,121626624
1562022444,121626624
1562022445,121626624
1562022446,121626624
1562022447,121626624
1562022448,121626624
1562022449,121626624
1562022450,121626624
1562022451,121626624
1562022452,121626624
1562022453,121626624
1562022454,121626624
1562022455,121626624
1562022456,121626624
1562022457,121626624
1562022458,121626624
1562022459,121626624
1562022460,121626624
1562022461,121626624
1562022462,121626624
1562022463,121626624
1562022464,121626624
1562022465,121626624
1562022466,121626624
1562022467,121626624
1562022468,121626624
1562022469,121626624
1562022470,121626624
1562022471,121626624
1562022472,121626624
1562022473,121626624
1562022474,121626624
1562022475,121626624
1562022476,121626624
1562022477,121626624
1562022478,121626624
1562022479,121626624
1562022480,121626624
1562022481,121626624
1562022482,121626624
1562022483,121626624
1562022484,121626624
1562022485,121626624
1562022486,121626624
1562022487,121626624
1562022488,121626624
1562022489,121626624
1562022490,121626624
1562022491,121626624
1562022492,121626624
1562022493,121626624
1562022494,121626624
1562022495,121626624
1562022496,121626624
1562022497,121626624
1562022498,121626624
1562022499,121626624
1562022500,121626624
1562022501,121626624
1562022502,121626624
1562022503,121626624
1562022504,121626624
1562022505,121626624
1562022506,121626624
1562022507,121626624
1562022508,121626624
1562022509,121626624
1562022510,121626624
1562022511,121626624
1562022512,121626624
1562022513,121626624
1562022514,121626624
1562022515,121626624
1562022516,121626624
1562022517,121626624
1562022518,121626624
1562022519,121626624
1562022520,121626624
1562022521,121626624
1562022522,121626624
1562022523,121626624
1562022524,122437632
1562022525,122437632
1562022526,122437632
1562022527,122437632
1562022528,122437632
1562022529,122437632
1562022530,122437632
1562022531,122437632
1562022532,122437632
1562022533,122437632
1562022534,122437632
1562022535,122437632
1562022536,122437632
1562022537,122437632
1562022538,122437632
1562022539,122437632
1562022540,122437632
1562022541,122437632
1562022542,122437632
1562022543,122437632
1562022544,122437632
1562022545,122437632
1562022546,122437632
1562022547,122437632
1562022548,122437632
1562022549,122437632
1562022550,122437632
1562022551,122437632
1562022552,122437632
1562022553,122437632
1562022554,122437632
1562022555,122437632
1562022556,122437632
1562022557,122437632
1562022558,122437632
1562022559,122437632
1562022560,122437632
1562022561,122437632
1562022562,122437632
1562022563,122437632
1562022564,122437632
1562022565,122437632
1562022566,122437632
1562022567,122437632
1562022568,122437632
1562022569,122437632
1562022570,122437632
1562022571,122437632
1562022572,122437632
1562022573,122437632
1562022574,122437632
1562022575,122437632
1562022576,122437632
1562022577,122437632
1562022578,122437632
1562022579,122437632
1562022580,122437632
1562022581,122437632
1562022582,122437632
1562022583,122437632
1562022584,122437632
1562022585,122437632
1562022586,122437632
1562022587,122437632
1562022588,122437632
1562022589,122437632
1562022590,122437632
1562022591,122437632
1562022592,122437632
1562022593,122437632
1562022594,122437632
1562022595,122437632
1562022596,122437632
1562022597,122437632
1562022598,122437632
1562022599,122437632
1562022600,122437632
1562022601,122437632
1562022602,122437632
1562022603,122437632
1562022604,122437632
1562022605,122437632
1562022606,122437632
1562022607,122437632
1562022608,122437632
1562022609,122437632
1562022610,122437632
1562022611,122437632
1562022612,122437632
1562022613,122437632
1562022614,122437632
1562022615,122437632
1562022616,122437632
1562022617,122437632
1562022618,122437632
1562022619,122437632
1562022620,122437632
1562022621,122437632
1562022622,122437632
1562022623,122437632
1562022624,122437632
1562022625,122437632
1562022626,122437632
1562022627,122437632
1562022628,122437632
1562022629,122437632
1562022630,122437632
1562022631,122437632
1562022632,122437632
1562022633,122437632
1562022634,122437632
1562022635,122437632
1562022636,122437632
1562022637,122437632
1562022638,122437632
1562022639,122437632
1562022640,122437632
1562022641,122437632
1562022642,122437632
1562022643,122437632
1562022644,122437632
1562022645,122437632
1562022646,122437632
1562022647,122437632
1562022648,122437632
1562022649,122437632
1562022650,122437632
1562022651,122437632
1562022652,122437632
1562022653,122437632
1562022654,122437632
1562022655,122437632
1562022656,122437632
1562022657,122437632
1562022658,122437632
1562022659,122437632
1562022660,122437632
1562022661,122437632
1562022662,122437632
1562022663,122437632
1562022664,122437632
1562022665,122437632
1562022666,122437632
1562022667,122437632
1562022668,122437632
1562022669,122437632
1562022670,122437632
1562022671,122437632
1562022672,122437632
1562022673,122437632
1562022674,122437632
1562022675,122437632
1562022676,122437632
1562022677,122437632
1562022678,122437632
1562022679,122437632
1562022680,122437632
1562022681,122437632
1562022682,122437632
1562022683,122437632
1562022684,122437632
1562022685,122437632
1562022686,122437632
1562022687,122437632
1562022688,122437632
1562022689,122437632
1562022690,122437632
1562022691,122437632
1562022692,122437632
1562022693,122437632
1562022694,122437632
1562022695,122437632
1562022696,122437632
1562022697,122437632
1562022698,122437632
1562022699,122437632
1562022700,122437632
1562022701,122437632
1562022702,122437632
1562022703,122437632
1562022704,122437632
1562022705,122437632
1562022706,122437632
1562022707,122437632
1562022708,122437632
1562022709,122437632
1562022710,122437632
1562022711,122437632
1562022712,122437632
1562022713,122437632
1562022714,122437632
1562022715,122437632
1562022716,122437632
1562022717,122437632
1562022718,122437632
1562022719,122437632
1562022720,122437632
1562022721,122437632
1562022722,122437632
1562022723,122437632
1562022724,122437632
1562022725,122437632
1562022726,122437632
1562022727,122437632
1562022728,122437632
1562022729,122437632
1562022730,122437632
1562022731,122437632
1562022732,122437632
1562022733,122437632
1562022734,122437632
1562022735,122437632
1562022736,122437632
1562022737,122437632
1562022738,122437632
1562022739,122437632
1562022740,122437632
1562022741,122437632
1562022742,122437632
1562022743,122437632
1562022744,122437632
1562022745,122437632
1562022746,122437632
1562022747,122437632
1562022748,122437632
1562022749,122437632
1562022750,122437632
1562022751,122437632
1562022752,122437632
1562022753,122437632
1562022754,122437632
1562022755,122437632
1562022756,122437632
1562022757,122437632
1562022758,122437632
1562022759,122437632
1562022760,122437632
1562022761,122437632
1562022762,122437632
1562022763,122437632
1562022764,122437632
1562022765,122437632
1562022766,122437632
1562022767,122437632
1562022768,122437632
1562022769,122437632
1562022770,122437632
1562022771,122437632
1562022772,122437632
1562022773,122437632
1562022774,122437632
1562022775,122437632
1562022776,122437632
1562022777,122437632
1562022778,122437632
1562022779,122437632
1562022780,122437632
1562022781,122437632
1562022782,122437632
1562022783,122437632
1562022784,122437632
1562022785,122437632
1562022786,122437632
1562022787,122437632
1562022788,122437632
1562022789,122437632
1562022790,122437632
1562022791,122437632
1562022792,122437632
1562022793,122437632
1562022794,122437632
1562022795,122437632
1562022796,122437632
1562022797,122437632
1562022798,122437632
1562022799,122437632
1562022800,122437632
1562022801,122437632
1562022802,122437632
1562022803,122437632
1562022804,122437632
1562022805,122437632
1562022806,122437632
1562022807,122437632
1562022808,122437632
1562022809,122437632
1562022810,122437632
1562022811,122437632
1562022812,122437632
1562022813,122437632
1562022814,122437632
1562022815,122437632
1562022816,122437632
1562022817,122437632
1562022818,122437632
1562022819,122437632
1562022820,122437632
1562022821,122437632
1562022822,122437632
1562022823,122437632
1562022824,122437632
1562022825,122437632
1562022826,122437632
1562022827,122437632
1562022828,122437632
1562022829,122437632
1562022830,122437632
1562022831,122437632
1562022832,122437632
1562022833,122437632
1562022834,122437632
1562022835,122437632
1562022836,122437632
1562022837,122437632
1562022838,122437632
1562022839,122437632
1562022840,122437632
1562022841,122437632
1562022842,122437632
1562022843,122437632
1562022844,122437632
1562022845,122437632
1562022846,122437632
1562022847,122437632
1562022848,122437632
1562022849,122437632
1562022850,122437632
1562022851,122437632
1562022852,122437632
1562022853,122437632
1562022854,122437632
1562022855,122437632
1562022856,122437632
1562022857,122437632
1562022858,122437632
1562022859,122437632
1562022860,122437632
1562022861,122437632
1562022862,122437632
1562022863,122437632
1562022864,122437632
1562022865,122437632
1562022866,122437632
1562022867,122437632
1562022868,122437632
1562022869,122437632
1562022870,122437632
1562022871,122437632
1562022872,122437632
1562022873,122437632
1562022874,122437632
1562022875,122437632
1562022876,122437632
1562022877,122437632
1562022878,122437632
1562022879,122437632
1562022880,122437632
1562022881,122437632
1562022882,122437632
1562022883,122437632
1562022884,122437632
1562022885,122437632
1562022886,122437632
1562022887,122437632
1562022888,122437632
1562022889,122437632
1562022890,122437632
1562022891,122437632
1562022892,122437632
1562022893,122437632
1562022894,122437632
1562022895,122437632
1562022896,122437632
1562022897,122437632
1562022898,122437632
1562022899,122437632
1562022900,122437632
1562022901,122437632
1562022902,122437632
1562022903,122437632
1562022904,122437632
1562022905,122437632
1562022906,122437632
1562022907,122437632
1562022908,122437632
1562022909,122437632
1562022910,122437632
1562022911,122437632
1562022912,122437632
1562022913,122437632
1562022914,122437632
1562022915,122437632
1562022916,122437632
1562022917,122437632
1562022918,122437632
1562022919,122437632
1562022920,122437632
1562022921,122437632
1562022922,122437632
1562022923,122437632
1562022924,122437632
1562022925,122437632
1562022926,122437632
1562022927,122437632
1562022928,122437632
1562022929,122437632
1562022930,122437632
1562022931,122437632
1562022932,122437632
1562022933,122437632
1562022934,122437632
1562022935,122437632
1562022936,122437632
1562022937,122437632
1562022938,122437632
1562022939,122437632
1562022940,122437632
1562022941,122437632
1562022942,122437632
1562022943,122437632
1562022944,122437632
1562022945,122437632
1562022946,122437632
1562022947,122437632
1562022948,122437632
1562022949,122437632
1562022950,122437632
1562022951,122437632
1562022952,122437632
1562022953,122437632
1562022954,122437632
1562022955,122437632
1562022956,122437632
1562022957,122437632
1562022958,122437632
1562022959,122437632
1562022960,122437632
1562022961,122437632
1562022962,122437632
1562022963,122437632
1562022964,122437632
1562022965,122437632
1562022966,122437632
1562022967,122437632
1562022968,122437632
1562022969,122437632
1562022970,122437632
1562022971,122437632
1562022972,122437632
1562022973,122437632
1562022974,122437632
1562022975,122437632
1562022976,122437632
1562022977,122437632
1562022978,122437632
1562022979,122437632
1562022980,122437632
1562022981,122437632
1562022982,122437632
1562022983,122437632
1562022984,122437632
1562022985,122437632
1562022986,122437632
1562022987,122437632
1562022988,122437632
1562022989,122437632
1562022990,122437632
1562022991,122437632
1562022992,122437632
1562022993,122437632
1562022994,122437632
1562022995,122437632
1562022996,122437632
1562022997,122437632
1562022998,122437632
1562022999,122437632
1562023000,122437632
1562023001,122437632
1562023002,122437632
1562023003,122437632
1562023004,122437632
1562023005,122437632
1562023006,122437632
1562023007,122437632
1562023008,122437632
1562023009,122437632
1562023010,122437632
1562023011,122437632
1562023012,122437632
1562023013,122437632
1562023014,122437632
1562023015,122437632
1562023016,122437632
1562023017,122437632
1562023018,122437632
1562023019,122437632
1562023020,122437632
1562023021,122437632
1562023022,122437632
1562023023,122437632
1562023024,122437632
1562023025,122437632
1562023026,122437632
1562023027,122437632
1562023028,122437632
1562023029,122437632
1562023030,122437632
1562023031,122437632
1562023032,122437632
1562023033,122437632
1562023034,122437632
1562023035,122437632
1562023036,122437632
1562023037,122437632
1562023038,122437632
1562023039,122437632
1562023040,122437632
1562023041,122437632
1562023042,122437632
1562023043,122437632
1562023044,122437632
1562023045,122437632
1562023046,122437632
1562023047,122437632
1562023048,122437632
1562023049,122437632
1562023050,122437632
1562023051,122437632
1562023052,122437632
1562023053,122437632
1562023054,122437632
1562023055,122437632
1562023056,122437632
1562023057,122437632
1562023058,122437632
1562023059,122437632
1562023060,122437632
1562023061,122437632
1562023062,122437632
1562023063,122437632
1562023064,122437632
1562023065,122437632
1562023066,122437632
1562023067,122437632
1562023068,122437632
1562023069,122437632
1562023070,122437632
1562023071,122437632
1562023072,122437632
1562023073,122437632
1562023074,122437632
1562023075,122437632
1562023076,122437632
1562023077,122437632
1562023078,122437632
1562023079,122437632
1562023080,122437632
1562023081,122437632
1562023082,122437632
1562023083,122437632
1562023084,122437632
1562023085,122437632
1562023086,122437632
1562023087,122437632
1562023088,122437632
1562023089,122437632
1562023090,122437632
1562023091,122437632
1562023092,122437632
1562023093,122437632
1562023094,122437632
1562023095,122437632
1562023096,122437632
1562023097,122437632
1562023098,122437632
1562023099,122437632
1562023100,122437632
1562023101,122437632
1562023102,122437632
1562023103,122437632
1562023104,122437632
1562023105,122437632
1562023106,122437632
1562023107,122437632
1562023108,122437632
1562023109,122437632
1562023110,122437632
1562023111,122437632
1562023112,122437632
1562023113,122437632
1562023114,122437632
1562023115,122437632
1562023116,122437632
1562023117,122437632
1562023118,122437632
1562023119,122437632
1562023120,122437632
1562023121,122437632
1562023122,122437632
1562023123,122437632
1562023124,122437632
1562023125,122437632
1562023126,122437632
1562023127,122437632
1562023128,122437632
1562023129,122437632
1562023130,122437632
1562023131,122437632
1562023132,122437632
1562023133,122437632
1562023134,122437632
1562023135,122437632
1562023136,122437632
1562023137,122437632
1562023138,122437632
1562023139,122437632
1562023140,122437632
1562023141,122437632
1562023142,122437632
1562023143,122437632
1562023144,122437632
1562023145,122437632
1562023146,122437632
1562023147,122437632
1562023148,122437632
1562023149,122437632
1562023150,122437632
1562023151,122437632
1562023152,122437632
1562023153,122437632
1562023154,122437632
1562023155,122437632
1562023156,122437632
1562023157,122437632
1562023158,122437632
1562023159,122437632
1562023160,122437632
1562023161,122437632
1562023162,122437632
1562023163,122437632
1562023164,122437632
1562023165,122437632
1562023166,122437632
1562023167,122437632
1562023168,122437632
1562023169,122437632
1562023170,122437632
1562023171,122437632
1562023172,122437632
1562023173,122437632
1562023174,122437632
1562023175,122437632
1562023176,122437632
1562023177,122437632
1562023178,122437632
1562023179,122437632
1562023180,122437632
1562023181,122437632
1562023182,122437632
1562023183,122437632
1562023184,122437632
1562023185,122437632
1562023186,122437632
1562023187,122437632
1562023188,122437632
1562023189,122437632
1562023190,122437632
1562023191,122437632
1562023192,122437632
1562023193,122437632
1562023194,122437632
1562023195,122437632
1562023196,122437632
1562023197,122437632
1562023198,122437632
1562023199,122437632
1562023200,122437632
1562023201,122437632
1562023202,122437632
1562023203,122437632
1562023204,122437632
1562023205,122437632
1562023206,122437632
1562023207,122437632
1562023208,122437632
1562023209,122437632
1562023210,122437632
1562023211,122437632
1562023212,122437632
1562023213,122437632
1562023214,122437632
1562023215,122437632
1562023216,122437632
1562023217,122437632
1562023218,122437632
1562023219,122437632
1562023220,122437632
1562023221,122437632
1562023222,122437632
1562023223,122437632
1562023224,122437632
1562023225,122437632
1562023226,122437632
1562023227,122437632
1562023228,122437632
1562023229,122437632
1562023230,122437632
1562023231,122437632
1562023232,122437632
1562023233,122437632
1562023234,122437632
1562023235,122437632
1562023236,122437632
1562023237,122437632
1562023238,122437632
1562023239,122437632
1562023240,122437632
1562023241,122437632
1562023242,122437632
1562023243,122437632
1562023244,122437632
1562023245,122437632
1562023246,122437632
1562023247,122437632
1562023248,122437632
1562023249,122437632
1562023250,122437632
1562023251,122437632
1562023252,122437632
1562023253,122437632
1562023254,122437632
1562023255,122437632
1562023256,122437632
1562023257,122437632
1562023258,122437632
1562023259,122437632
1562023260,122437632
1562023261,122437632
1562023262,122437632
1562023263,122437632
1562023264,122437632
1562023265,122437632
1562023266,122437632
1562023267,122437632
1562023268,122437632
1562023269,122437632
1562023270,122437632
1562023271,122437632
1562023272,122437632
1562023273,122437632
1562023274,122437632
1562023275,122437632
1562023276,122437632
1562023277,122437632
1562023278,122437632
1562023279,122437632
1562023280,122437632
1562023281,122437632
1562023282,122437632
1562023283,122437632
1562023284,122437632
1562023285,122437632
1562023286,122437632
1562023287,122437632
1562023288,122437632
1562023289,122437632
1562023290,122437632
1562023291,122437632
1562023292,122437632
1562023293,122437632
1562023294,122437632
1562023295,122437632
1562023296,122437632
1562023297,122437632
1562023298,122437632
1562023299,122437632
1562023300,122437632
1562023301,122437632
1562023302,122437632
1562023303,122437632
1562023304,122437632
1562023305,122437632
1562023306,122437632
1562023307,122437632
1562023308,122437632
1562023309,122437632
1562023310,122437632
1562023311,122437632
1562023312,122437632
1562023313,122437632
1562023314,122437632
1562023315,122437632
1562023316,122437632
1562023317,122437632
1562023318,122437632
1562023319,122437632
1562023320,122437632
1562023321,122437632
1562023322,122437632
1562023323,122437632
1562023324,122437632
1562023325,122437632
1562023326,122437632
1562023327,122437632
1562023328,122437632
1562023329,122437632
1562023330,122437632
1562023331,122437632
1562023332,122437632
1562023333,122437632
1562023334,122437632
1562023335,122437632
1562023336,122437632
1562023337,122437632
1562023338,122437632
1562023339,122437632
1562023340,122437632
1562023341,122437632
1562023342,122437632
1562023343,122437632
1562023344,122437632
1562023345,122437632
1562023346,122437632
1562023347,122437632
1562023348,122437632
1562023349,122437632
1562023350,122437632
1562023351,122437632
1562023352,122437632
1562023353,122437632
1562023354,122437632
1562023355,122437632
1562023356,122437632
1562023357,122437632
1562023358,122437632
1562023359,122437632
1562023360,122437632
1562023361,122437632
1562023362,122437632
1562023363,122437632
1562023364,122437632
1562023365,122437632
1562023366,122437632
1562023367,122437632
1562023368,122437632
1562023369,122437632
1562023370,122437632
1562023371,122437632
1562023372,122437632
1562023373,122437632
1562023374,122437632
1562023375,122437632
1562023376,122437632
1562023377,122437632
1562023378,122437632
1562023379,122437632
1562023380,122437632
1562023381,122437632
1562023382,122437632
1562023383,122437632
1562023384,122437632
1562023385,122437632
1562023386,122437632
1562023387,122437632
1562023388,122437632
1562023389,122437632
1562023390,122437632
1562023391,122437632
1562023392,122437632
1562023393,122437632
1562023394,122437632
1562023395,122437632
1562023396,122437632
1562023397,122437632
1562023398,122437632
1562023399,122437632
1562023400,122437632
1562023401,122437632
1562023402,122437632
1562023403,122437632
1562023404,122437632
1562023405,122437632
1562023406,122437632
1562023407,122437632
1562023408,122437632
1562023409,122437632
1562023410,122437632
1562023411,122437632
1562023412,122437632
1562023413,122437632
1562023414,122437632
1562023415,122437632
1562023416,122437632
1562023417,122437632
1562023418,122437632
1562023419,122437632
1562023420,122437632
1562023421,122437632
1562023422,122437632
1562023423,122437632
1562023424,122437632
1562023425,122437632
1562023426,122437632
1562023427,122437632
1562023428,122437632
1562023429,122437632
1562023430,122437632
1562023431,122437632
1562023432,122437632
1562023433,122437632
1562023434,122437632
1562023435,122437632
1562023436,122437632
1562023437,122437632
1562023438,122437632
1562023439,122437632
1562023440,122437632
1562023441,122437632
1562023442,122437632
1562023443,122437632
1562023444,122437632
1562023445,122437632
1562023446,122437632
1562023447,122437632
1562023448,122437632
1562023449,122437632
1562023450,122437632
1562023451,122437632
1562023452,122437632
1562023453,122437632
1562023454,122437632
1562023455,122437632
1562023456,122437632
1562023457,122437632
1562023458,122437632
1562023459,122437632
1562023460,122437632
1562023461,122437632
1562023462,122437632
1562023463,122437632
1562023464,122437632
1562023465,122437632
1562023466,122437632
1562023467,122437632
1562023468,122437632
1562023469,122437632
1562023470,122437632
1562023471,122437632
1562023473,122437632
1562023474,122437632
1562023475,122437632
1562023476,122437632
1562023477,122437632
1562023478,122437632
1562023479,122437632
1562023480,122437632
1562023481,122437632
1562023482,122437632
1562023483,122437632
1562023484,122437632
1562023485,122437632
1562023486,122437632
1562023487,122437632
1562023488,122437632
1562023489,122437632
1562023490,122437632
1562023491,122437632
1562023492,122437632
1562023493,122437632
1562023494,122437632
1562023495,122437632
1562023496,122437632
1562023497,122437632
1562023498,122437632
1562023499,122437632
1562023500,122437632
1562023501,122437632
1562023502,122437632
1562023503,122437632
1562023504,122437632
1562023505,122437632
1562023506,122437632
1562023507,122437632
1562023508,122437632
1562023509,122437632
1562023510,122437632
1562023511,122437632
1562023512,122437632
1562023513,122437632
1562023514,122437632
1562023515,122437632
1562023516,122437632
1562023517,122437632
1562023518,122437632
1562023519,122437632
1562023520,122437632
1562023521,122437632
1562023522,122437632
1562023523,122437632
1562023524,122437632
1562023525,122437632
1562023526,122437632
1562023527,122437632
1562023528,122437632
1562023529,122437632
1562023530,122437632
1562023531,122437632
1562023532,122437632
1562023533,122437632
1562023534,122437632
1562023535,122437632
1562023536,122437632
1562023537,122437632
1562023538,122437632
1562023539,122437632
1562023540,122437632
1562023541,122437632
1562023542,122437632
1562023543,122437632
1562023544,122437632
1562023545,122437632
1562023546,122437632
1562023547,122437632
1562023548,122437632
1562023549,122437632
1562023550,122437632
1562023551,122437632
1562023552,122437632
1562023553,122437632
1562023554,122437632
1562023555,122437632
1562023556,122437632
1562023557,122437632
1562023558,122437632
1562023559,122437632
1562023560,122437632
1562023561,122437632
1562023562,122437632
1562023563,122437632
1562023564,122437632
1562023565,122437632
1562023566,122437632
1562023567,122437632
1562023568,122437632
1562023569,122437632
1562023570,122437632
1562023571,122437632
1562023572,122437632
1562023573,122437632
1562023574,122437632
1562023575,122437632
1562023576,122437632
1562023577,122437632
1562023578,122437632
1562023579,122437632
1562023580,122437632
1562023581,122437632
1562023582,122437632
1562023583,122437632
1562023584,122437632
1562023585,122437632
1562023586,122437632
1562023587,122437632
1562023588,122437632
1562023589,122437632
1562023590,122437632
1562023591,122437632
1562023592,122437632
1562023593,122437632
1562023594,122437632
1562023595,122437632
1562023596,122437632
1562023597,122437632
1562023598,122437632
1562023599,122437632
1562023600,122437632
1562023601,122437632
1562023602,122437632
1562023603,122437632
1562023604,122437632
1562023605,122437632
1562023606,122437632
1562023607,122437632
1562023608,122437632
1562023609,122437632
1562023610,122437632
1562023611,122437632
1562023612,122437632
1562023613,122437632
1562023614,122437632
1562023615,122437632
1562023616,122437632
1562023617,122437632
1562023618,122437632
1562023619,122437632
1562023620,122437632
1562023621,122437632
1562023622,122437632
1562023623,122437632
1562023624,122437632
1562023625,122437632
1562023626,122437632
1562023627,122437632
1562023628,122437632
1562023629,122437632
1562023630,122437632
1562023631,122437632
1562023632,122437632
1562023633,122437632
1562023634,122437632
1562023635,122437632
1562023636,122437632
1562023637,122437632
1562023638,122437632
1562023639,122437632
1562023640,122437632
1562023641,122437632
1562023642,122437632
1562023643,122437632
1562023644,122437632
1562023645,122437632
1562023646,122437632
1562023647,122437632
1562023648,122437632
1562023649,122437632
1562023650,122437632
1562023651,122437632
1562023652,122437632
1562023653,122437632
1562023654,122437632
1562023655,122437632
1562023656,122437632
1562023657,122437632
1562023658,122437632
1562023659,122437632
1562023660,122437632
1562023661,122437632
1562023662,122437632
1562023663,122437632
1562023664,122437632
1562023665,122437632
1562023666,122437632
1562023667,122437632
1562023668,122437632
1562023669,122437632
1562023670,122437632
1562023671,122437632
1562023672,122437632
1562023673,122437632
1562023674,122437632
1562023675,122437632
1562023676,122437632
1562023677,122437632
1562023678,122437632
1562023679,122437632
1562023680,122437632
1562023681,122437632
1562023682,122437632
1562023683,122437632
1562023684,122437632
1562023685,122437632
1562023686,122437632
1562023687,122437632
1562023688,122437632
1562023689,122437632
1562023690,122437632
1562023691,122437632
1562023692,122437632
1562023693,122437632
1562023694,122437632
1562023695,122437632
1562023696,122437632
1562023697,122437632
1562023698,122437632
1562023699,122437632
1562023700,122437632
1562023701,122437632
1562023702,122437632
1562023703,122437632
1562023704,122437632
1562023705,122437632
1562023706,122437632
1562023707,122437632
1562023708,122437632
1562023709,122437632
1562023710,122437632
1562023711,122437632
1562023712,122437632
1562023713,122437632
1562023714,122437632
1562023715,122437632
1562023716,122437632
1562023717,122437632
1562023718,122437632
1562023719,122437632
1562023720,122437632
1562023721,122437632
1562023722,122437632
1562023723,122437632
1562023724,122437632
1562023725,122437632
1562023726,122437632
1562023727,122437632
1562023728,122437632
1562023729,122437632
1562023730,122437632
1562023731,122437632
1562023732,122437632
1562023733,122437632
1562023734,122437632
1562023735,122437632
1562023736,122437632
1562023737,122437632
1562023738,122437632
1562023739,122437632
1562023740,122437632
1562023741,122437632
1562023742,122437632
1562023743,122437632
1562023744,122437632
1562023745,122437632
1562023746,122437632
1562023747,122437632
1562023748,122437632
1562023749,122437632
1562023750,122437632
1562023751,122437632
1562023752,122437632
1562023753,122437632
1562023754,122437632
1562023755,122437632
1562023756,122437632
1562023757,122437632
1562023758,122437632
1562023759,122437632
1562023760,122437632
1562023761,122437632
1562023762,122437632
1562023763,122437632
1562023764,122437632
1562023765,122437632
1562023766,122437632
1562023767,122437632
1562023768,122437632
1562023769,122437632
1562023770,122437632
1562023771,122437632
1562023772,122437632
1562023773,122437632
1562023774,122437632
1562023775,122437632
1562023776,122437632
1562023777,122437632
1562023778,122437632
1562023779,122437632
1562023780,122437632
1562023781,122437632
1562023782,122437632
1562023783,122437632
1562023784,122437632
1562023785,122437632
1562023786,122437632
1562023787,122437632
1562023788,122437632
1562023789,122437632
1562023790,122437632
1562023791,122437632
1562023792,122437632
1562023793,122437632
1562023794,122437632
1562023795,122437632
1562023796,122437632
1562023797,122437632
1562023798,122437632
1562023799,122437632
1562023800,122437632
1562023801,122437632
1562023802,122437632
1562023803,122437632
1562023804,122437632
1562023805,122437632
1562023806,122437632
1562023807,122437632
1562023808,122437632
1562023809,122437632
1562023810,122437632
1562023811,122437632
1562023812,122437632
1562023813,122437632
1562023814,122437632
1562023815,122437632
1562023816,122437632
1562023817,122437632
1562023818,122437632
1562023819,122437632
1562023820,122437632
1562023821,122437632
1562023822,122437632
1562023823,122437632
1562023824,122437632
1562023825,122437632
1562023826,122437632
1562023827,122437632
1562023828,122437632
1562023829,122437632
1562023830,122437632
1562023831,122437632
1562023832,122437632
1562023833,122437632
1562023834,122437632
1562023835,122437632
1562023836,122437632
1562023837,122437632
1562023838,122437632
1562023839,122437632
1562023840,122437632
1562023841,122437632
1562023842,122437632
1562023843,122437632
1562023844,122437632
1562023845,122437632
1562023846,122437632
1562023847,122437632
1562023848,122437632
1562023849,122437632
1562023850,122437632
1562023851,122437632
1562023852,122437632
1562023853,122437632
1562023854,122437632
1562023855,122437632
1562023856,122437632
1562023857,122437632
1562023858,122437632
1562023859,122437632
1562023860,122437632
1562023861,122437632
1562023862,122437632
1562023863,122437632
1562023864,122437632
1562023865,122437632
1562023866,122437632
1562023867,122437632
1562023868,122437632
1562023869,122437632
1562023870,122437632
1562023871,122437632
1562023872,122437632
1562023873,122437632
1562023874,122437632
1562023875,122437632
1562023876,122437632
1562023877,122437632
1562023878,122437632
1562023879,122437632
1562023880,122437632
1562023881,122437632
1562023882,122437632
1562023883,122437632
1562023884,122437632
1562023885,122437632
1562023886,122437632
1562023887,122437632
1562023888,122437632
1562023889,122437632
1562023890,122437632
1562023891,122437632
1562023892,122437632
1562023893,122437632
1562023894,122437632
1562023895,122437632
1562023896,122437632
1562023897,122437632
1562023898,122437632
1562023899,122437632
1562023900,122437632
1562023901,122437632
1562023902,122437632
1562023903,122437632
1562023904,122437632
1562023905,122437632
1562023906,122437632
1562023907,122437632
1562023909,122437632
1562023910,122437632
1562023911,122437632
1562023912,122437632
1562023913,122437632
1562023914,122437632
1562023915,122437632
1562023916,122437632
1562023917,122437632
1562023918,122437632
1562023919,122437632
1562023920,122437632
1562023921,122437632
1562023922,122437632
1562023923,122437632
1562023924,122437632
1562023925,122437632
1562023926,122437632
1562023927,122437632
1562023928,122437632
1562023929,122437632
1562023930,122437632
1562023931,122437632
1562023932,122437632
1562023933,122437632
1562023934,122437632
1562023935,122437632
1562023936,122437632
1562023937,122437632
1562023938,122437632
1562023939,122437632
1562023940,122437632
1562023941,122437632
1562023942,122437632
1562023943,122437632
1562023944,122437632
1562023945,122437632
1562023946,122437632
1562023947,122437632
1562023948,122437632
1562023949,122437632
1562023950,122437632
1562023951,122437632
1562023952,122437632
1562023953,122437632
1562023954,122437632
1562023955,122437632
1562023956,122437632
1562023957,122437632
1562023958,122437632
1562023959,122437632
1562023960,122437632
1562023961,122437632
1562023962,122437632
1562023963,122437632
1562023964,122437632
1562023965,122437632
1562023966,122437632
1562023967,122437632
1562023968,122437632
1562023969,122437632
1562023970,122437632
1562023971,122437632
1562023972,122437632
1562023973,122437632
1562023974,122437632
1562023975,122437632
1562023976,122437632
1562023977,122437632
1562023978,122437632
1562023979,122437632
1562023980,122437632
1562023981,122437632
1562023982,122437632
1562023983,122437632
1562023984,122437632
1562023985,122437632
1562023986,122437632
1562023987,122437632
1562023988,122437632
1562023989,122437632
1562023990,122437632
1562023991,122437632
1562023992,122437632
1562023993,122437632
1562023994,122437632
1562023995,122437632
1562023996,122437632
1562023997,122437632
1562023998,122437632
1562023999,122437632
1562024000,122437632
1562024001,122437632
1562024002,122437632
1562024003,122437632
1562024004,122437632
1562024005,122437632
1562024006,122437632
1562024007,122437632
1562024008,122437632
1562024009,122437632
1562024010,122437632
1562024011,122437632
1562024012,122437632
1562024013,122437632
1562024014,122437632
1562024015,122437632
1562024016,122437632
1562024017,122437632
1562024018,122437632
1562024019,122437632
1562024020,122437632
1562024021,122437632
1562024022,122437632
1562024023,122437632
1562024024,122437632
1562024025,122437632
1562024026,122437632
1562024027,122437632
1562024028,122437632
1562024029,122437632
1562024030,122437632
1562024031,122437632
1562024032,122437632
1562024033,122437632
1562024034,122437632
1562024035,122437632
1562024036,122437632
1562024037,122437632
1562024038,122437632
1562024039,122437632
1562024040,122437632
1562024041,122437632
1562024042,122437632
1562024043,122437632
1562024044,122437632
1562024045,122437632
1562024046,122437632
1562024047,122437632
1562024048,122437632
1562024049,122437632
1562024050,122437632
1562024051,122437632
1562024052,122437632
1562024053,122437632
1562024054,122437632
1562024055,122437632
1562024056,122437632
1562024057,122437632
1562024058,122437632
1562024059,122437632
1562024060,122437632
1562024061,122437632
1562024062,122437632
1562024063,122437632
1562024064,122437632
1562024065,122437632
1562024066,122437632
1562024067,122437632
1562024068,122437632
1562024069,122437632
1562024070,122437632
1562024071,122437632
1562024072,122437632
1562024073,122437632
1562024074,122437632
1562024075,122437632
1562024076,122437632
1562024077,122437632
1562024078,122437632
1562024079,122437632
1562024080,122437632
1562024081,122437632
1562024082,122437632
1562024083,122437632
1562024084,122437632
1562024085,122437632
1562024086,122437632
1562024087,122437632
1562024088,122437632
1562024089,122437632
1562024090,122437632
1562024091,122437632
1562024092,122437632
1562024093,122437632
1562024094,122437632
1562024095,122437632
1562024096,122437632
1562024097,122437632
1562024098,122437632
1562024099,122437632
1562024100,122437632
1562024101,122437632
1562024102,122437632
1562024103,122437632
1562024104,122437632
1562024105,122437632
1562024106,122437632
1562024107,122437632
1562024108,122437632
1562024109,122437632
1562024110,122437632
1562024111,122437632
1562024112,122437632
1562024113,122437632
1562024114,122437632
1562024115,122437632
1562024116,122437632
1562024117,122437632
1562024118,122437632
1562024119,122437632
1562024120,122437632
1562024121,122437632
1562024122,122437632
1562024123,122437632
1562024124,122437632
1562024125,122437632
1562024126,122437632
1562024127,122437632
1562024128,122437632
1562024129,122437632
1562024130,122437632
1562024131,122437632
1562024132,122437632
1562024133,122437632
1562024134,122437632
1562024135,122437632
1562024136,122437632
1562024137,122437632
1562024138,122437632
1562024139,122437632
1562024140,122437632
1562024141,122437632
1562024142,122437632
1562024143,122437632
1562024144,122437632
1562024145,122437632
1562024146,122437632
1562024147,122437632
1562024148,122437632
1562024149,122437632
1562024150,122437632
1562024151,122437632
1562024152,122437632
1562024153,122437632
1562024154,122437632
1562024155,122437632
1562024156,122437632
1562024157,122437632
1562024158,122437632
1562024159,122437632
1562024160,122437632
1562024161,122437632
1562024162,122437632
1562024163,122437632
1562024164,122437632
1562024165,122437632
1562024166,122437632
1562024167,122437632
1562024168,122437632
1562024169,122437632
1562024170,122437632
1562024171,122437632
1562024172,122437632
1562024173,122437632
1562024174,122437632
1562024175,122437632
1562024176,122437632
1562024177,122437632
1562024178,122437632
1562024179,122437632
1562024180,122437632
1562024181,122437632
1562024182,122437632
1562024183,122437632
1562024184,122437632
1562024185,122437632
1562024186,122437632
1562024187,122437632
1562024188,122437632
1562024189,122437632
1562024190,122437632
1562024191,122437632
1562024192,122437632
1562024193,122437632
1562024194,122437632
1562024195,122437632
1562024196,122437632
1562024197,122437632
1562024198,122437632
1562024199,122437632
1562024200,122437632
1562024201,122437632
1562024202,122437632
1562024203,122437632
1562024204,122437632
1562024205,122437632
1562024206,122437632
1562024207,122437632
1562024208,122437632
1562024209,122437632
1562024210,122437632
1562024211,122437632
1562024212,122437632
1562024213,122437632
1562024214,122437632
1562024215,122437632
1562024216,122437632
1562024217,122437632
1562024218,122437632
1562024219,122437632
1562024220,122437632
1562024221,122437632
1562024222,122437632
1562024223,122437632
1562024224,122437632
1562024225,122437632
1562024226,122437632
1562024227,122437632
1562024228,122437632
1562024229,122437632
1562024230,122437632
1562024231,122437632
1562024232,122437632
1562024233,122437632
1562024234,122437632
1562024235,122437632
1562024236,122437632
1562024237,122437632
1562024238,122437632
1562024239,122437632
1562024240,122437632
1562024241,122437632
1562024242,122437632
1562024243,122437632
1562024244,122437632
1562024245,122437632
1562024246,122437632
1562024247,122437632
1562024248,122437632
1562024249,122437632
1562024250,122437632
1562024251,122437632
1562024252,122437632
1562024253,122437632
1562024254,122437632
1562024255,122437632
1562024256,122437632
1562024257,122437632
1562024258,122437632
1562024259,122437632
1562024260,122437632
1562024261,122437632
1562024262,122437632
1562024263,122437632
1562024264,122437632
1562024265,122437632
1562024266,122437632
1562024267,122437632
1562024268,122437632
1562024269,122437632
1562024270,122437632
1562024271,122437632
1562024272,122437632
1562024273,122437632
1562024274,122437632
1562024275,122437632
1562024276,122437632
1562024277,122437632
1562024278,122437632
1562024279,122437632
1562024280,122437632
1562024281,122437632
1562024282,122437632
1562024283,122437632
1562024284,122437632
1562024285,122437632
1562024286,122437632
1562024287,122437632
1562024288,122437632
1562024289,122437632
1562024290,122437632
1562024291,122437632
1562024292,122437632
1562024293,122437632
1562024294,122437632
1562024295,122437632
1562024296,122437632
1562024297,122437632
1562024298,122437632
1562024299,122437632
1562024300,122437632
1562024301,122437632
1562024302,122437632
1562024303,122437632
1562024304,122437632
1562024305,122437632
1562024306,122437632
1562024307,122437632
1562024308,122437632
1562024309,122437632
1562024310,122437632
1562024311,122437632
1562024312,122437632
1562024313,122437632
1562024314,122437632
1562024315,122437632
1562024316,122437632
1562024317,122437632
1562024318,122437632
1562024319,122437632
1562024320,122437632
1562024321,122437632
1562024322,122437632
1562024323,122437632
1562024324,122437632
1562024325,122437632
1562024326,122437632
1562024327,122437632
1562024328,122437632
1562024329,122437632
1562024330,122437632
1562024331,122437632
1562024332,122437632
1562024333,122437632
1562024334,122437632
1562024335,122437632
1562024336,122437632
1562024337,122437632
1562024338,122437632
1562024339,122437632
1562024340,122437632
1562024341,122437632
1562024342,122437632
1562024343,122437632
1562024344,122437632
1562024345,122437632
1562024346,122437632
1562024347,122437632
1562024348,122437632
1562024349,122437632
1562024350,122437632
1562024351,122437632
1562024352,122437632
1562024353,122437632
1562024354,122437632
1562024355,122437632
1562024356,122437632
1562024357,122437632
1562024358,122437632
1562024359,122437632
1562024360,122437632
1562024361,122437632
1562024362,122437632
1562024363,122437632
1562024364,122437632
1562024365,122437632
1562024366,122437632
1562024367,122437632
1562024368,122437632
1562024369,122437632
1562024370,122437632
1562024371,122437632
1562024372,122437632
1562024373,122437632
1562024374,122437632
1562024375,122437632
1562024376,122437632
1562024377,122437632
1562024378,122437632
1562024379,122437632
1562024380,122437632
1562024381,122437632
1562024382,122437632
1562024383,122437632
1562024384,122437632
1562024385,122437632
1562024386,122437632
1562024387,122437632
1562024388,122437632
1562024389,122437632
1562024390,122437632
1562024391,122437632
1562024392,122437632
1562024393,122437632
1562024394,122437632
1562024395,122437632
1562024396,122437632
1562024397,122437632
1562024398,122437632
1562024399,122437632
1562024400,122437632
1562024401,122437632
1562024402,122437632
1562024403,122437632
1562024404,122437632
1562024405,122437632
1562024406,122437632
1562024407,122437632
1562024408,122437632
1562024409,122437632
1562024410,122437632
1562024411,122437632
1562024412,122437632
1562024413,122437632
1562024414,122437632
1562024415,122437632
1562024416,122437632
1562024417,122437632
1562024418,122437632
1562024419,122437632
1562024420,122437632
1562024421,122437632
1562024422,122437632
1562024423,122437632
1562024424,122437632
1562024425,122437632
1562024426,122437632
1562024427,122437632
1562024428,122437632
1562024429,122437632
1562024430,122437632
1562024431,122437632
1562024432,122437632
1562024433,122437632
1562024434,122437632
1562024435,122437632
1562024436,122437632
1562024437,122437632
1562024438,122437632
1562024439,122437632
1562024440,122437632
1562024441,122437632
1562024442,122437632
1562024443,122437632
1562024444,122437632
1562024445,122437632
1562024446,122437632
1562024447,122437632
1562024448,122437632
1562024449,122437632
1562024450,122437632
1562024451,122437632
1562024452,122437632
1562024453,122437632
1562024454,122437632
1562024455,122437632
1562024456,122437632
1562024457,122437632
1562024458,122437632
1562024459,122437632
1562024460,122437632
1562024461,122437632
1562024462,122437632
1562024463,122437632
1562024464,122437632
1562024465,122437632
1562024466,122437632
1562024467,122437632
1562024468,122437632
1562024469,122437632
1562024470,122437632
1562024471,122437632
1562024472,122437632
1562024473,122437632
1562024474,122437632
1562024475,122437632
1562024476,122437632
1562024477,122437632
1562024478,122437632
1562024479,122437632
1562024480,122437632
1562024481,122437632
1562024482,122437632
1562024483,122437632
1562024484,122437632
1562024485,122437632
1562024486,122437632
1562024487,122437632
1562024488,122437632
1562024489,122437632
1562024490,122437632
1562024491,122437632
1562024492,122437632
1562024493,122437632
1562024494,122437632
1562024495,122437632
1562024496,122437632
1562024497,122437632
1562024498,122437632
1562024499,122437632
1562024500,122437632
1562024501,122437632
1562024502,122437632
1562024503,122437632
1562024504,122437632
1562024505,122437632
1562024506,122437632
1562024507,122437632
1562024508,122437632
1562024509,122437632
1562024510,122437632
1562024511,122437632
1562024512,122437632
1562024513,122437632
1562024514,122437632
1562024515,122437632
1562024516,122437632
1562024517,122437632
1562024518,122437632
1562024519,122437632
1562024520,122437632
1562024521,122437632
1562024522,122437632
1562024523,122437632
1562024524,122437632
1562024525,122437632
1562024526,122437632
1562024527,122437632
1562024528,122437632
1562024529,122437632
1562024530,122437632
1562024531,122437632
1562024532,122437632
1562024533,122437632
1562024534,122437632
1562024535,122437632
1562024536,122437632
1562024537,122437632
1562024538,122437632
1562024539,122437632
1562024540,122437632
1562024541,122437632
1562024542,122437632
1562024543,122437632
1562024544,122437632
1562024545,122437632
1562024546,122437632
1562024547,122437632
1562024548,122437632
1562024549,122437632
1562024550,122437632
1562024551,122437632
1562024552,122437632
1562024553,122437632
1562024554,122437632
1562024555,122437632
1562024556,122437632
1562024557,122437632
1562024558,122437632
1562024559,122437632
1562024560,122437632
1562024561,122437632
1562024562,122437632
1562024563,122437632
1562024564,122437632
1562024565,122437632
1562024566,122437632
1562024567,122437632
1562024568,122437632
1562024569,122437632
1562024570,122437632
1562024571,122437632
1562024572,122437632
1562024573,122437632
1562024574,122437632
1562024575,122437632
1562024576,122437632
1562024577,122437632
1562024578,122437632
1562024579,122437632
1562024580,122437632
1562024581,122437632
1562024582,122437632
1562024583,122437632
1562024584,122437632
1562024585,122437632
1562024586,122437632
1562024587,122437632
1562024588,122437632
1562024589,122437632
1562024590,122437632
1562024591,122437632
1562024592,122437632
1562024593,122437632
1562024594,122437632
1562024595,122437632
1562024596,122437632
1562024597,122437632
1562024598,122437632
1562024599,122437632
1562024600,122437632
1562024601,122437632
1562024602,122437632
1562024603,122437632
1562024604,122437632
1562024605,122437632
1562024606,122437632
1562024607,122437632
1562024608,122437632
1562024609,122437632
1562024610,122437632
1562024611,122437632
1562024612,122437632
1562024613,122437632
1562024614,122437632
1562024615,122437632
1562024616,122437632
1562024617,122437632
1562024618,122437632
1562024619,122437632
1562024620,122437632
1562024621,122437632
1562024622,122437632
1562024623,122437632
1562024624,122437632
1562024625,122437632
1562024626,122437632
1562024627,122437632
1562024628,122437632
1562024629,122437632
1562024630,122437632
1562024631,122437632
1562024632,122437632
1562024633,122437632
1562024634,122437632
1562024635,122437632
1562024636,122437632
1562024637,122437632
1562024638,122437632
1562024639,122437632
1562024640,122437632
1562024641,122437632
1562024642,122437632
1562024643,122437632
1562024644,122437632
1562024645,122437632
1562024646,122437632
1562024647,122437632
1562024648,122437632
1562024649,122437632
1562024650,122437632
1562024651,122437632
1562024652,122437632
1562024653,122437632
1562024654,122437632
1562024655,122437632
1562024656,122437632
1562024657,122437632
1562024658,122437632
1562024659,122437632
1562024660,122437632
1562024661,122437632
1562024662,122437632
1562024663,122437632
1562024664,122437632
1562024665,122437632
1562024666,122437632
1562024667,122437632
1562024668,122437632
1562024669,122437632
1562024670,122437632
1562024671,122437632
1562024672,122437632
1562024673,122437632
1562024674,122437632
1562024675,122437632
1562024676,122437632
1562024677,122437632
1562024678,122437632
1562024679,122437632
1562024680,122437632
1562024681,122437632
1562024682,122437632
1562024683,122437632
1562024684,122437632
1562024685,122437632
1562024686,122437632
1562024687,122437632
1562024688,122437632
1562024689,122437632
1562024690,122437632
1562024691,122437632
1562024692,122437632
1562024693,122437632
1562024694,122437632
1562024695,122437632
1562024696,122437632
1562024697,122437632
1562024698,122437632
1562024699,122437632
1562024700,122437632
1562024701,122437632
1562024702,122437632
1562024703,122437632
1562024704,122437632
1562024705,122437632
1562024706,122437632
1562024707,122437632
1562024708,122437632
1562024709,122437632
1562024710,122437632
1562024711,122437632
1562024712,122437632
1562024713,122437632
1562024714,122437632
1562024715,122437632
1562024716,122437632
1562024717,122437632
1562024718,122437632
1562024719,122437632
1562024720,122437632
1562024721,122437632
1562024722,122437632
1562024723,122437632
1562024724,122437632
1562024725,122437632
1562024726,122437632
1562024727,122437632
1562024728,122437632
1562024729,122437632
1562024730,122437632
1562024731,122437632
1562024732,122437632
1562024733,122437632
1562024734,122437632
1562024735,122437632
1562024736,122437632
1562024737,122437632
1562024738,122437632
1562024739,122437632
1562024740,122437632
1562024741,122437632
1562024742,122437632
1562024743,122437632
1562024744,122437632
1562024745,122437632
1562024746,122437632
1562024747,122437632
1562024748,122437632
1562024749,122437632
1562024750,122437632
1562024751,122437632
1562024752,122437632
1562024753,122437632
1562024754,122437632
1562024755,122437632
1562024756,122437632
1562024757,122437632
1562024758,122437632
1562024759,122437632
1562024760,122437632
1562024761,122437632
1562024762,122437632
1562024763,122437632
1562024764,122437632
1562024765,122437632
1562024766,122437632
1562024767,122437632
1562024768,122437632
1562024769,122437632
1562024770,122437632
1562024771,122437632
1562024772,122437632
1562024773,122437632
1562024774,122437632
1562024775,122437632
1562024776,122437632
1562024777,122437632
1562024778,122437632
1562024779,122437632
1562024780,122437632
1562024781,122437632
1562024782,122437632
1562024783,122437632
1562024784,122437632
1562024785,122437632
1562024786,122437632
1562024787,122437632
1562024788,122437632
1562024789,122437632
1562024790,122437632
1562024791,122437632
1562024792,122437632
1562024793,122437632
1562024794,122437632
1562024795,122437632
1562024796,122437632
1562024797,122437632
1562024798,122437632
1562024799,122437632
1562024800,122437632
1562024801,122437632
1562024802,122437632
1562024803,122437632
1562024804,122437632
1562024805,122437632
1562024806,122437632
1562024807,122437632
1562024808,122437632
1562024809,122437632
1562024810,122437632
1562024811,122437632
1562024812,122437632
1562024813,122437632
1562024814,122437632
1562024815,122437632
1562024816,122437632
1562024817,122437632
1562024818,122437632
1562024819,122437632
1562024820,122437632
1562024821,122437632
1562024822,122437632
1562024823,122437632
1562024824,122437632
1562024825,122437632
1562024826,122437632
1562024827,122437632
1562024828,122437632
1562024829,122437632
1562024830,122437632
1562024831,122437632
1562024832,122437632
1562024833,122437632
1562024834,122437632
1562024835,122437632
1562024836,122437632
1562024837,122437632
1562024838,122437632
1562024839,122437632
1562024840,122437632
1562024841,122437632
1562024842,122437632
1562024843,122437632
1562024844,122437632
1562024845,122437632
1562024846,122437632
1562024847,122437632
1562024848,122437632
1562024849,122437632
1562024850,122437632
1562024851,122437632
1562024852,122437632
1562024853,122437632
1562024854,122437632
1562024855,122437632
1562024856,122437632
1562024857,122437632
1562024858,122437632
1562024859,122437632
1562024860,122437632
1562024861,122437632
1562024862,122437632
1562024863,122437632
1562024864,122437632
1562024865,122437632
1562024866,122437632
1562024867,122437632
1562024868,122437632
1562024869,122437632
1562024870,122437632
1562024871,122437632
1562024872,122437632
1562024873,122437632
1562024874,122437632
1562024875,122437632
1562024876,122437632
1562024877,122437632
1562024878,122437632
1562024879,122437632
1562024880,122437632
1562024881,122437632
1562024882,122437632
1562024883,122437632
1562024884,122437632
1562024885,122437632
1562024886,122437632
1562024887,122437632
1562024888,122437632
1562024889,122437632
1562024890,122437632
1562024891,122437632
1562024892,122437632
1562024893,122437632
1562024894,122437632
1562024895,122437632
1562024896,122437632
1562024897,122437632
1562024898,122437632
1562024899,122437632
1562024900,122437632
1562024901,122437632
1562024902,122437632
1562024903,122437632
1562024904,122437632
1562024905,122437632
1562024906,122437632
1562024907,122437632
1562024908,122437632
1562024909,122437632
1562024910,122437632
1562024911,122437632
1562024912,122437632
1562024913,122437632
1562024914,122437632
1562024915,122437632
1562024916,122437632
1562024917,122437632
1562024918,122437632
1562024919,122437632
1562024920,122437632
1562024921,122437632
1562024922,122437632
1562024923,122437632
1562024924,122437632
1562024925,122437632
1562024926,122437632
1562024927,122437632
1562024928,122437632
1562024929,122437632
1562024930,122437632
1562024931,122437632
1562024932,122437632
1562024933,122437632
1562024934,122437632
1562024935,122437632
1562024936,122437632
1562024937,122437632
1562024938,122437632
1562024939,122437632
1562024940,122437632
1562024941,122437632
1562024942,122437632
1562024943,122437632
1562024944,122437632
1562024945,122437632
1562024946,122437632
1562024947,122437632
1562024948,122437632
1562024949,122437632
1562024950,122437632
1562024951,122437632
1562024952,122437632
1562024953,122437632
1562024954,122437632
1562024955,122437632
1562024956,122437632
1562024957,122437632
1562024958,122437632
1562024959,122437632
1562024960,122437632
1562024961,122437632
1562024962,122437632
1562024963,122437632
1562024964,122437632
1562024965,122437632
1562024966,122437632
1562024967,122437632
1562024968,122437632
1562024969,122437632
1562024970,122437632
1562024971,122437632
1562024972,122437632
1562024973,122437632
1562024974,122437632
1562024975,122437632
1562024976,122437632
1562024977,122437632
1562024978,122437632
1562024979,122437632
1562024980,122437632
1562024981,122437632
1562024982,122437632
1562024983,122437632
1562024984,122437632
1562024985,122437632
1562024986,122437632
1562024987,122437632
1562024988,122437632
1562024989,122437632
1562024990,122437632
1562024991,122437632
1562024992,122437632
1562024993,122437632
1562024994,122437632
1562024995,122437632
1562024996,122437632
1562024997,122437632
1562024998,122437632
1562024999,122437632
1562025000,122437632
1562025001,122437632
1562025002,122437632
1562025003,122437632
1562025004,122437632
1562025005,122437632
1562025006,122437632
1562025007,122437632
1562025008,122437632
1562025009,122437632
1562025010,122437632
1562025011,122437632
1562025012,122437632
1562025013,122437632
1562025014,122437632
1562025015,122437632
1562025016,122437632
1562025017,122437632
1562025018,122437632
1562025019,122437632
1562025020,122437632
1562025021,122437632
1562025022,122437632
1562025023,122437632
1562025024,122437632
1562025025,122437632
1562025026,122437632
1562025027,122437632
1562025028,122437632
1562025029,122437632
1562025030,122437632
1562025031,122437632
1562025032,122437632
1562025033,122437632
1562025034,122437632
1562025035,122437632
1562025036,122437632
1562025037,122437632
1562025038,122437632
1562025039,122437632
1562025040,122437632
1562025041,122437632
1562025042,122437632
1562025043,122437632
1562025044,122437632
1562025045,122437632
1562025046,122437632
1562025047,122437632
1562025048,122437632
1562025049,122437632
1562025050,122437632
1562025051,122437632
1562025052,122437632
1562025053,122437632
1562025054,122437632
1562025055,122437632
1562025056,122437632
1562025057,122437632
1562025058,122437632
1562025059,122437632
1562025060,122437632
1562025061,122437632
1562025062,122437632
1562025063,122437632
1562025064,122437632
1562025065,122437632
1562025066,122437632
1562025067,122437632
1562025068,122437632
1562025069,122437632
1562025070,122437632
1562025071,122437632
1562025072,122437632
1562025073,122437632
1562025074,122437632
1562025075,122437632
1562025076,122437632
1562025077,122437632
1562025078,122437632
1562025079,122437632
1562025080,122437632
1562025081,122437632
1562025082,122437632
1562025083,122437632
1562025084,122437632
1562025085,122437632
1562025086,122437632
1562025087,122437632
1562025088,122437632
1562025089,122437632
1562025090,122437632
1562025091,122437632
1562025092,122437632
1562025093,122437632
1562025094,122437632
1562025095,122437632
1562025096,122437632
1562025097,122437632
1562025098,122437632
1562025099,122437632
1562025100,122437632
1562025101,122437632
1562025102,122437632
1562025103,122437632
1562025104,122437632
1562025105,122437632
1562025106,122437632
1562025107,122437632
1562025108,122437632
1562025109,122437632
1562025110,122437632
1562025111,122437632
1562025112,122437632
1562025113,122437632
1562025114,122437632
1562025115,122437632
1562025116,122437632
1562025117,122437632
1562025118,122437632
1562025119,122437632
1562025120,122437632
1562025121,122437632
1562025122,122437632
1562025123,122437632
1562025124,122437632
1562025125,122437632
1562025126,122437632
1562025127,122437632
1562025128,122437632
1562025129,122437632
1562025130,122437632
1562025131,122437632
1562025132,122437632
1562025133,122437632
1562025134,122437632
1562025135,122437632
1562025136,122437632
1562025137,122437632
1562025138,122437632
1562025139,122437632
1562025140,122437632
1562025141,122437632
1562025142,122437632
1562025143,122437632
1562025144,122437632
1562025145,122437632
1562025146,122437632
1562025147,122437632
1562025148,122437632
1562025149,122437632
1562025150,122437632
1562025151,122437632
1562025152,122437632
1562025153,122437632
1562025154,122437632
1562025155,122437632
1562025156,122437632
1562025157,122437632
1562025158,122437632
1562025159,122437632
1562025160,122437632
1562025161,122437632
1562025162,122437632
1562025163,122437632
1562025164,122437632
1562025165,122437632
1562025166,122437632
1562025167,122437632
1562025168,122437632
1562025169,122437632
1562025170,122437632
1562025171,122437632
1562025172,122437632
1562025173,122437632
1562025174,122437632
1562025175,122437632
1562025176,122437632
1562025177,122437632
1562025178,122437632
1562025179,122437632
1562025180,122437632
1562025181,122437632
1562025182,122437632
1562025183,122437632
1562025184,122437632
1562025185,122437632
1562025186,122437632
1562025187,122437632
1562025188,122437632
1562025189,122437632
1562025190,122437632
1562025191,122437632
1562025192,122437632
1562025193,122437632
1562025194,122437632
1562025195,122437632
1562025196,122437632
1562025197,122437632
1562025198,122437632
1562025199,122437632
1562025200,122437632
1562025201,122437632
1562025202,122437632
1562025203,122437632
1562025204,122437632
1562025205,122437632
1562025206,122437632
1562025207,122437632
1562025208,122437632
1562025209,122437632
1562025210,122437632
1562025211,122437632
1562025212,122437632
1562025213,122437632
1562025214,122437632
1562025215,122437632
1562025216,122437632
1562025217,122437632
1562025218,122437632
1562025219,122437632
1562025220,122437632
1562025221,122437632
1562025222,122437632
1562025223,122437632
1562025224,122437632
1562025225,122437632
1562025226,122437632
1562025227,122437632
1562025228,122437632
1562025229,122437632
1562025230,122437632
1562025231,122437632
1562025232,122437632
1562025233,122437632
1562025234,122437632
1562025235,122437632
1562025236,122437632
1562025237,122437632
1562025238,122437632
1562025239,122437632
1562025240,122437632
1562025241,122437632
1562025242,122437632
1562025243,122437632
1562025244,122437632
1562025245,122437632
1562025246,122437632
1562025247,122437632
1562025248,122437632
1562025249,122437632
1562025250,122437632
1562025251,122437632
1562025252,122437632
1562025253,122437632
1562025254,122437632
1562025255,122437632
1562025256,122437632
1562025257,122437632
1562025258,122437632
1562025259,122437632
1562025260,122437632
1562025261,122437632
1562025262,122437632
1562025263,122437632
1562025264,122437632
1562025265,122437632
1562025266,122437632
1562025267,122437632
1562025268,122437632
1562025269,122437632
1562025270,122437632
1562025271,122437632
1562025272,122437632
1562025273,122437632
1562025274,122437632
1562025275,122437632
1562025276,122437632
1562025277,122437632
1562025278,122437632
1562025279,122437632
1562025280,122437632
1562025281,122437632
1562025282,122437632
1562025283,122437632
1562025284,122437632
1562025285,122437632
1562025286,122437632
1562025287,122437632
1562025288,122437632
1562025289,122437632
1562025290,122437632
1562025291,122437632
1562025292,122437632
1562025293,122437632
1562025294,122437632
1562025295,122437632
1562025296,122437632
1562025297,122437632
1562025298,122437632
1562025299,122437632
1562025300,122437632
1562025301,122437632
1562025302,122437632
1562025303,122437632
1562025304,122437632
1562025305,122437632
1562025306,122437632
1562025307,122437632
1562025308,122437632
1562025309,122437632
1562025310,122437632
1562025311,122437632
1562025312,122437632
1562025313,122437632
1562025314,122437632
1562025315,122437632
1562025316,122437632
1562025317,122437632
1562025318,122437632
1562025319,122437632
1562025320,122437632
1562025321,122437632
1562025322,122437632
1562025323,122437632
1562025324,122437632
1562025325,122437632
1562025326,122437632
1562025327,122437632
1562025328,122437632
1562025329,122437632
1562025330,122437632
1562025331,122437632
1562025332,122437632
1562025333,122437632
1562025334,122437632
1562025335,122437632
1562025336,122437632
1562025337,122437632
1562025338,122437632
1562025339,122437632
1562025340,122437632
1562025341,122437632
1562025342,122437632
1562025343,122437632
1562025344,122437632
1562025345,122437632
1562025346,122437632
1562025347,122437632
1562025348,122437632
1562025349,122437632
1562025350,122437632
1562025351,122437632
1562025352,122437632
1562025353,122437632
1562025354,122437632
1562025355,122437632
1562025356,122437632
1562025357,122437632
1562025358,122437632
1562025359,122437632
1562025360,122437632
1562025361,122437632
1562025362,122437632
1562025363,122437632
1562025364,122437632
1562025365,122437632
1562025366,122437632
1562025367,122437632
1562025368,122437632
1562025369,122437632
1562025370,122437632
1562025371,122437632
1562025372,122437632
1562025373,122437632
1562025374,122437632
1562025375,122437632
1562025376,122437632
1562025377,122437632
1562025378,122437632
1562025379,122437632
1562025380,122437632
1562025381,122437632
1562025382,122437632
1562025383,122437632
1562025384,122437632
1562025385,122437632
1562025386,122437632
1562025387,122437632
1562025388,122437632
1562025389,122437632
1562025390,122437632
1562025391,122437632
1562025392,122437632
1562025393,122437632
1562025394,122437632
1562025395,122437632
1562025396,122437632
1562025397,122437632
1562025398,122437632
1562025399,122437632
1562025400,122437632
1562025401,122437632
1562025402,122437632
1562025403,122437632
1562025404,122437632
1562025405,122437632
1562025406,122437632
1562025407,122437632
1562025408,122437632
1562025409,122437632
1562025410,122437632
1562025411,122437632
1562025412,122437632
1562025413,122437632
1562025414,122437632
1562025415,122437632
1562025416,122437632
1562025417,122437632
1562025418,122437632
1562025419,122437632
1562025420,122437632
1562025421,122437632
1562025422,122437632
1562025423,122437632
1562025424,122437632
1562025425,122437632
1562025426,122437632
1562025427,122437632
1562025428,122437632
1562025429,122437632
1562025430,122437632
1562025431,122437632
1562025432,122437632
1562025433,122437632
1562025434,122437632
1562025435,122437632
1562025436,122437632
1562025437,122437632
1562025438,122437632
1562025439,122437632
1562025440,122437632
1562025441,122437632
1562025442,122437632
1562025443,122437632
1562025444,122437632
1562025445,122437632
1562025446,122437632
1562025447,122437632
1562025448,122437632
1562025449,122437632
1562025450,122437632
1562025451,122437632
1562025452,122437632
1562025453,122437632
1562025454,122437632
1562025455,122437632
1562025456,122437632
1562025457,122437632
1562025458,122437632
1562025459,122437632
1562025460,122437632
1562025461,122437632
1562025462,122437632
1562025463,122437632
1562025464,122437632
1562025465,122437632
1562025466,122437632
1562025467,122437632
1562025468,122437632
1562025469,122437632
1562025470,122437632
1562025471,122437632
1562025472,122437632
1562025473,122437632
1562025474,122437632
1562025475,122437632
1562025476,122437632
1562025477,122437632
1562025478,122437632
1562025479,122437632
1562025480,122437632
1562025481,122437632
1562025482,122437632
1562025483,122437632
1562025484,122437632
1562025485,122437632
1562025486,122437632
1562025487,122437632
1562025488,122437632
1562025489,122437632
1562025490,122437632
1562025491,122437632
1562025492,122437632
1562025493,122437632
1562025494,122437632
1562025495,122437632
1562025496,122437632
1562025497,122437632
1562025498,122437632
1562025499,122437632
1562025500,122437632
1562025501,122437632
1562025502,122437632
1562025503,122437632
1562025504,122437632
1562025505,122437632
1562025506,122437632
1562025507,122437632
1562025508,122437632
1562025509,122437632
1562025510,122437632
1562025511,122437632
1562025512,122437632
1562025513,122437632
1562025514,122437632
1562025515,122437632
1562025516,122437632
1562025517,122437632
1562025518,122437632
1562025519,122437632
1562025520,122437632
1562025521,122437632
1562025522,122437632
1562025523,122437632
1562025524,122437632
1562025525,122437632
1562025526,122437632
1562025527,122437632
1562025528,122437632
1562025529,122437632
1562025530,122437632
1562025531,122437632
1562025532,122437632
1562025533,122437632
1562025534,122437632
1562025535,122437632
1562025536,122437632
1562025537,122437632
1562025538,122437632
1562025539,122437632
1562025540,122437632
1562025541,122437632
1562025542,122437632
1562025543,122437632
1562025544,122437632
1562025545,122437632
1562025546,122437632
1562025547,122437632
1562025548,122437632
1562025549,122437632
1562025550,122437632
1562025551,122437632
1562025552,122437632
1562025553,122437632
1562025554,122437632
1562025555,122437632
1562025556,122437632
1562025557,122437632
1562025558,122437632
1562025559,122437632
1562025560,122437632
1562025561,122437632
1562025562,122437632
1562025563,122437632
1562025564,122437632
1562025565,122437632
1562025566,122437632
1562025567,122437632
1562025568,122437632
1562025569,122437632
1562025570,122437632
1562025571,122437632
1562025572,122437632
1562025573,122437632
1562025574,122437632
1562025575,122437632
1562025576,122437632
1562025577,122437632
1562025578,122437632
1562025579,122437632
1562025580,122437632
1562025581,122437632
1562025582,122437632
1562025583,122437632
1562025584,122437632
1562025585,122437632
1562025586,122437632
1562025587,122437632
1562025588,122437632
1562025589,122437632
1562025590,122437632
1562025591,122437632
1562025592,122437632
1562025593,122437632
1562025594,122437632
1562025595,122437632
1562025596,122437632
1562025597,122437632
1562025598,122437632
1562025599,122437632
1562025600,122437632
1562025601,122437632
1562025602,122437632
1562025603,122437632
1562025604,122437632
1562025605,122437632
1562025606,122437632
1562025607,122437632
1562025608,122437632
1562025609,122437632
1562025610,122437632
1562025611,122437632
1562025612,122437632
1562025613,122437632
1562025614,122437632
1562025615,122437632
1562025616,122437632
1562025617,122437632
1562025618,122437632
1562025619,122437632
1562025620,122437632
1562025621,122437632
1562025622,122437632
1562025623,122437632
1562025624,122437632
1562025625,122437632
1562025626,122437632
1562025627,122437632
1562025628,122437632
1562025629,122437632
1562025630,122437632
1562025631,122437632
1562025632,122437632
1562025633,122437632
1562025634,122437632
1562025635,122437632
1562025636,122437632
1562025637,122437632
1562025638,122437632
1562025639,122437632
1562025640,122437632
1562025641,122437632
1562025642,122437632
1562025643,122437632
1562025644,122437632
1562025645,122437632
1562025646,122437632
1562025647,122437632
1562025648,122437632
1562025649,122437632
1562025650,122437632
1562025651,122437632
1562025652,122437632
1562025653,122437632
1562025654,122437632
1562025655,122437632
1562025656,122437632
1562025657,122437632
1562025658,122437632
1562025659,122437632
1562025660,122437632
1562025661,122437632
1562025662,122437632
1562025663,122437632
1562025664,122437632
1562025665,122437632
1562025666,122437632
1562025667,122437632
1562025668,122437632
1562025669,122437632
1562025670,122437632
1562025671,122437632
1562025672,122437632
1562025673,122437632
1562025674,122437632
1562025675,122437632
1562025676,122437632
1562025677,122437632
1562025678,122437632
1562025679,122437632
1562025680,122437632
1562025681,122437632
1562025682,122437632
1562025683,122437632
1562025684,122437632
1562025685,122437632
1562025686,122437632
1562025687,122437632
1562025688,122437632
1562025689,122437632
1562025690,122437632
1562025691,122437632
1562025692,122437632
1562025693,122437632
1562025694,122437632
1562025695,122437632
1562025696,122437632
1562025697,122437632
1562025698,122437632
1562025699,122437632
1562025700,122437632
1562025701,122437632
1562025702,122437632
1562025703,122437632
1562025704,122437632
1562025705,122437632
1562025706,122437632
1562025707,122437632
1562025708,122437632
1562025709,122437632
1562025710,122437632
1562025711,122437632
1562025712,122437632
1562025713,122437632
1562025714,122437632
1562025715,122437632
1562025716,122437632
1562025717,122437632
1562025718,122437632
1562025719,122437632
1562025720,122437632
1562025721,122437632
1562025722,122437632
1562025723,122437632
1562025724,122437632
1562025725,122437632
1562025726,122437632
1562025727,122437632
1562025728,122437632
1562025729,122437632
1562025730,122437632
1562025731,122437632
1562025732,122437632
1562025733,122437632
1562025734,122437632
1562025735,122437632
1562025736,122437632
1562025737,122437632
1562025738,122437632
1562025739,122437632
1562025740,122437632
1562025741,122437632
1562025742,122437632
1562025743,122437632
1562025744,122437632
1562025745,122437632
1562025746,122437632
1562025747,122437632
1562025748,122437632
1562025749,122437632
1562025750,122437632
1562025751,122437632
1562025752,122437632
1562025753,122437632
1562025754,122437632
1562025755,122437632
1562025756,122437632
1562025757,122437632
1562025758,122437632
1562025759,122437632
1562025760,122437632
1562025761,122437632
1562025762,122437632
1562025763,122437632
1562025764,122437632
1562025765,122437632
1562025766,122437632
1562025767,122437632
1562025768,122437632
1562025769,122437632
1562025770,122437632
1562025771,122437632
1562025772,122437632
1562025773,122437632
1562025774,122437632
1562025775,122437632
1562025776,122437632
1562025777,122437632
1562025778,122437632
1562025779,122437632
1562025780,122437632
1562025781,122437632
1562025782,122437632
1562025783,122437632
1562025784,122437632
1562025785,122437632
1562025786,122437632
1562025787,122437632
1562025788,122437632
1562025789,122437632
1562025790,122437632
1562025791,122437632
1562025792,122437632
1562025793,122437632
1562025794,122437632
1562025795,122437632
1562025796,122437632
1562025797,122437632
1562025798,122437632
1562025799,122437632
1562025800,122437632
1562025801,122437632
1562025802,122437632
1562025803,122437632
1562025804,122437632
1562025805,122437632
1562025806,122437632
1562025807,122437632
1562025808,122437632
1562025809,122437632
1562025810,122437632
1562025811,122437632
1562025812,122437632
1562025813,122437632
1562025814,122437632
1562025815,122437632
1562025816,122437632
1562025817,122437632
1562025818,122437632
1562025819,122437632
1562025820,122437632
1562025821,122437632
1562025822,122437632
1562025823,122437632
1562025824,122437632
1562025825,122437632
1562025826,122437632
1562025827,122437632
1562025828,122437632
1562025829,122437632
1562025830,122437632
1562025831,122437632
1562025832,122437632
1562025833,122437632
1562025834,122437632
1562025835,122437632
1562025836,122437632
1562025837,122437632
1562025838,122437632
1562025839,122437632
1562025840,122437632
1562025841,122437632
1562025842,122437632
1562025843,122437632
1562025844,122437632
1562025845,122437632
1562025846,122437632
1562025847,122437632
1562025848,122437632
1562025849,122437632
1562025850,122437632
1562025851,122437632
1562025852,122437632
1562025853,122437632
1562025854,122437632
1562025855,122437632
1562025856,122437632
1562025857,122437632
1562025858,122437632
1562025859,122437632
1562025860,122437632
1562025861,122437632
1562025862,122437632
1562025863,122437632
1562025864,122437632
1562025865,122437632
1562025866,122437632
1562025867,122437632
1562025868,122437632
1562025869,122437632
1562025870,122437632
1562025871,122437632
1562025872,122437632
1562025873,122437632
1562025874,122437632
1562025875,122437632
1562025876,122437632
1562025877,122437632
1562025878,122437632
1562025879,122437632
1562025880,122437632
1562025881,122437632
1562025882,122437632
1562025883,122437632
1562025884,122437632
1562025885,122437632
1562025886,122437632
1562025887,122437632
1562025888,122437632
1562025889,122437632
1562025890,122437632
1562025891,122437632
1562025892,122437632
1562025893,122437632
1562025894,122437632
1562025895,122437632
1562025896,122437632
1562025897,122437632
1562025898,122437632
1562025899,122437632
1562025900,122437632
1562025901,122437632
1562025902,122437632
1562025903,122437632
1562025904,122437632
1562025905,122437632
1562025906,122437632
1562025907,122437632
1562025908,122437632
1562025909,122437632
1562025910,122437632
1562025911,122437632
1562025912,122437632
1562025913,122437632
1562025914,122437632
1562025915,122437632
1562025916,122437632
1562025917,122437632
1562025918,122437632
1562025919,122437632
1562025920,122437632
1562025921,122437632
1562025922,122437632
1562025923,122437632
1562025924,122437632
1562025925,122437632
1562025926,122437632
1562025927,122437632
1562025928,122437632
1562025929,122437632
1562025930,122437632
1562025931,122437632
1562025932,122437632
1562025933,122437632
1562025934,122437632
1562025935,122437632
1562025936,122437632
1562025937,122437632
1562025938,122437632
1562025939,122437632
1562025940,122437632
1562025941,122437632
1562025942,122437632
1562025943,122437632
1562025944,122437632
1562025945,122437632
1562025946,122437632
1562025947,122437632
1562025948,122437632
1562025949,122437632
1562025950,122437632
1562025951,122437632
1562025952,122437632
1562025953,122437632
1562025954,122437632
1562025955,122437632
1562025956,122437632
1562025957,122437632
1562025958,122437632
1562025959,122437632
1562025960,122437632
1562025961,122437632
1562025962,122437632
1562025963,122437632
1562025964,122437632
1562025965,122437632
1562025966,122437632
1562025967,122437632
1562025968,122437632
1562025969,122437632
1562025970,122437632
1562025971,122437632
1562025972,122437632
1562025973,122437632
1562025974,122437632
1562025975,122437632
1562025976,122437632
1562025977,122437632
1562025978,122437632
1562025979,122437632
1562025980,122437632
1562025981,122437632
1562025982,122437632
1562025983,122437632
1562025984,122437632
1562025985,122437632
1562025986,122437632
1562025987,122437632
1562025988,122437632
1562025989,122437632
1562025990,122437632
1562025991,122437632
1562025992,122437632
1562025993,122437632
1562025994,122437632
1562025995,122437632
1562025996,122437632
1562025997,122437632
1562025998,122437632
1562025999,122437632
1562026000,122437632
1562026001,122437632
1562026002,122437632
1562026003,122437632
1562026004,122437632
1562026005,122437632
1562026006,122437632
1562026007,122437632
1562026008,122437632
1562026009,122437632
1562026010,122437632
1562026011,122437632
1562026012,122437632
1562026013,122437632
1562026014,122437632
1562026015,122437632
1562026016,122437632
1562026017,122437632
1562026018,122437632
1562026019,122437632
1562026020,122437632
1562026021,122437632
1562026022,122437632
1562026023,122437632
1562026024,122437632
1562026025,122437632
1562026026,122437632
1562026027,122437632
1562026028,122437632
1562026029,122437632
1562026030,122437632
1562026031,122437632
1562026032,122437632
1562026033,122437632
1562026034,122437632
1562026035,122437632
1562026036,122437632
1562026037,122437632
1562026038,122437632
1562026039,122437632
1562026040,122437632
1562026041,122437632
1562026042,122437632
1562026043,122437632
1562026044,122437632
1562026045,122437632
1562026046,122437632
1562026047,122437632
1562026048,122437632
1562026049,122437632
1562026050,122437632
1562026051,122437632
1562026052,122437632
1562026053,122437632
1562026054,122437632
1562026055,122437632
1562026056,122437632
1562026057,122437632
1562026058,122437632
1562026059,122437632
1562026060,122437632
1562026061,122437632
1562026062,122437632
1562026063,122437632
1562026064,122437632
1562026065,122437632
1562026066,122437632
1562026067,122437632
1562026068,122437632
1562026069,122437632
1562026070,122437632
1562026071,122437632
1562026072,122437632
1562026073,122437632
1562026074,122437632
1562026075,122437632
1562026076,122437632
1562026077,122437632
1562026078,122437632
1562026079,122437632
1562026080,122437632
1562026081,122437632
1562026082,122437632
1562026083,122437632
1562026084,122437632
1562026085,122437632
1562026086,122437632
1562026087,122437632
1562026088,122437632
1562026089,122437632
1562026090,122437632
1562026091,122437632
1562026092,122437632
1562026093,122437632
1562026094,122437632
1562026095,122437632
1562026096,122437632
1562026097,122437632
1562026098,122437632
1562026099,122437632
1562026100,122437632
1562026101,122437632
1562026102,122437632
1562026103,122437632
1562026104,122437632
1562026105,122437632
1562026106,122437632
1562026107,122437632
1562026108,122437632
1562026109,122437632
1562026110,122437632
1562026111,122437632
1562026112,122437632
1562026113,122437632
1562026114,122437632
1562026115,122437632
1562026116,122437632
1562026117,122437632
1562026118,122437632
1562026119,122437632
1562026120,122437632
1562026121,122437632
1562026122,122437632
1562026123,122437632
1562026124,122437632
1562026125,122437632
1562026126,122437632
1562026127,122437632
1562026128,122437632
1562026129,122437632
1562026130,122437632
1562026131,122437632
1562026132,122437632
1562026133,122437632
1562026134,122437632
1562026135,122437632
1562026136,122437632
1562026137,122437632
1562026138,122437632
1562026139,122437632
1562026140,122437632
1562026141,122437632
1562026142,122437632
1562026143,122437632
1562026144,122437632
1562026145,122437632
1562026146,122437632
1562026147,122437632
1562026148,122437632
1562026149,122437632
1562026150,122437632
1562026151,122437632
1562026152,122437632
1562026153,122437632
1562026154,122437632
1562026155,122437632
1562026156,122437632
1562026157,122437632
1562026158,122437632
1562026159,122437632
1562026160,122437632
1562026161,122437632
1562026162,122437632
1562026163,122437632
1562026164,122437632
1562026165,122437632
1562026166,122437632
1562026167,122437632
1562026168,122437632
1562026169,122437632
1562026170,122437632
1562026171,122437632
1562026172,122437632
1562026173,122437632
1562026174,122437632
1562026175,122437632
1562026176,122437632
1562026177,122437632
1562026178,122437632
1562026179,122437632
1562026180,122437632
1562026181,122437632
1562026182,122437632
1562026183,122437632
1562026184,122437632
1562026185,122437632
1562026186,122437632
1562026187,122437632
1562026188,122437632
1562026189,122437632
1562026190,122437632
1562026191,122437632
1562026192,122437632
1562026193,122437632
1562026194,122437632
1562026195,122437632
1562026196,122437632
1562026197,122437632
1562026198,122437632
1562026199,122437632
1562026200,122437632
1562026201,122437632
1562026202,122437632
1562026203,122437632
1562026204,122437632
1562026205,122437632
1562026206,122437632
1562026207,122437632
1562026208,122437632
1562026209,122437632
1562026210,122437632
1562026211,122437632
1562026212,122437632
1562026213,122437632
1562026214,122437632
1562026215,122437632
1562026216,122437632
1562026217,122437632
1562026218,122437632
1562026219,122437632
1562026220,122437632
1562026221,122437632
1562026222,122437632
1562026223,122437632
1562026224,122437632
1562026225,122437632
1562026226,122437632
1562026227,122437632
1562026228,122437632
1562026229,122437632
1562026230,122437632
1562026231,122437632
1562026232,122437632
1562026233,122437632
1562026234,122437632
1562026235,122437632
1562026236,122437632
1562026237,122437632
1562026238,122437632
1562026239,122437632
1562026240,122437632
1562026241,122437632
1562026242,122437632
1562026243,122437632
1562026244,122437632
1562026245,122437632
1562026246,122437632
1562026247,122437632
1562026248,122437632
1562026249,122437632
1562026250,122437632
1562026251,122437632
1562026252,122437632
1562026253,122437632
1562026254,122437632
1562026255,122437632
1562026256,122437632
1562026257,122437632
1562026258,122437632
1562026259,122437632
1562026260,122437632
1562026261,122437632
1562026262,122437632
1562026263,122437632
1562026264,122437632
1562026265,122437632
1562026266,122437632
1562026267,122437632
1562026268,122437632
1562026269,122437632
1562026270,122437632
1562026271,122437632
1562026272,122437632
1562026273,122437632
1562026274,122437632
1562026275,122437632
1562026276,122437632
1562026277,122437632
1562026278,122437632
1562026279,122437632
1562026280,122437632
1562026281,122437632
1562026282,122437632
1562026283,122437632
1562026284,122437632
1562026285,122437632
1562026286,122437632
1562026287,122437632
1562026288,122437632
1562026289,122437632
1562026290,122437632
1562026291,122437632
1562026292,122437632
1562026293,122437632
1562026294,122437632
1562026295,122437632
1562026296,122437632
1562026297,122437632
1562026298,122437632
1562026299,122437632
1562026300,122437632
1562026301,122437632
1562026302,122437632
1562026303,122437632
1562026304,122437632
1562026305,122437632
1562026306,122437632
1562026307,122437632
1562026308,122437632
1562026309,122437632
1562026310,122437632
1562026311,122437632
1562026312,122437632
1562026313,122437632
1562026314,122437632
1562026315,122437632
1562026316,122437632
1562026317,122437632
1562026318,122437632
1562026319,122437632
1562026320,122437632
1562026321,122437632
1562026322,122437632
1562026323,122437632
1562026324,122437632
1562026325,122437632
1562026326,122437632
1562026327,122437632
1562026328,122437632
1562026329,122437632
1562026330,122437632
1562026331,122437632
1562026332,122437632
1562026333,122437632
1562026334,122437632
1562026335,122437632
1562026336,122437632
1562026337,122437632
1562026338,122437632
1562026339,122437632
1562026340,122437632
1562026341,122437632
1562026342,122437632
1562026343,122437632
1562026344,122437632
1562026345,122437632
1562026346,122437632
1562026347,122437632
1562026348,122437632
1562026349,122437632
1562026350,122437632
1562026351,122437632
1562026352,122437632
1562026353,122437632
1562026354,122437632
1562026355,122437632
1562026356,122437632
1562026357,122437632
1562026358,122437632
1562026359,122437632
1562026360,122437632
1562026361,122437632
1562026362,122437632
1562026363,122437632
1562026364,122437632
1562026365,122437632
1562026366,122437632
1562026367,122437632
1562026368,122437632
1562026369,122437632
1562026370,122437632
1562026371,122437632
1562026372,122437632
1562026373,122437632
1562026374,122437632
1562026375,122437632
1562026376,122437632
1562026377,122437632
1562026378,122437632
1562026379,122437632
1562026380,122437632
1562026381,122437632
1562026382,122437632
1562026383,122437632
1562026384,122437632
1562026385,122437632
1562026386,122437632
1562026387,122437632
1562026388,122437632
1562026389,122437632
1562026390,122437632
1562026391,122437632
1562026392,122437632
1562026393,122437632
1562026394,122437632
1562026395,122437632
1562026396,122437632
1562026397,122437632
1562026398,122437632
1562026399,122437632
1562026400,122437632
1562026401,122437632
1562026402,122437632
1562026403,122437632
1562026404,122437632
1562026405,122437632
1562026406,122437632
1562026407,122437632
1562026408,122437632
1562026409,122437632
1562026410,122437632
1562026411,122437632
1562026412,122437632
1562026413,122437632
1562026414,122437632
1562026415,122437632
1562026416,122437632
1562026417,122437632
1562026418,122437632
1562026419,122437632
1562026420,122437632
1562026421,122437632
1562026422,122437632
1562026423,122437632
1562026424,122437632
1562026425,122437632
1562026426,122437632
1562026427,122437632
1562026428,122437632
1562026429,122437632
1562026430,122437632
1562026431,122437632
1562026432,122437632
1562026433,122437632
1562026434,122437632
1562026435,122437632
1562026436,122437632
1562026437,122437632
1562026438,122437632
1562026439,122437632
1562026440,122437632
1562026441,122437632
1562026442,122437632
1562026443,122437632
1562026444,122437632
1562026445,122437632
1562026446,122437632
1562026447,122437632
1562026448,122437632
1562026449,122437632
1562026450,122437632
1562026451,122437632
1562026452,122437632
1562026453,122437632
1562026454,122437632
1562026455,122437632
1562026456,122437632
1562026457,122437632
1562026458,122437632
1562026459,122437632
1562026460,122437632
1562026461,122437632
1562026462,122437632
1562026463,122437632
1562026464,122437632
1562026465,122437632
1562026466,122437632
1562026467,122437632
1562026468,122437632
1562026469,122437632
1562026470,122437632
1562026471,122437632
1562026472,122437632
1562026473,122437632
1562026474,122437632
1562026475,122437632
1562026476,122437632
1562026477,122437632
1562026478,122437632
1562026479,122437632
1562026480,122437632
1562026481,122437632
1562026482,122437632
1562026483,122437632
1562026484,122437632
1562026485,122437632
1562026486,122437632
1562026487,122437632
1562026488,122437632
1562026489,122437632
1562026490,122437632
1562026491,122437632
1562026492,122437632
1562026493,122437632
1562026494,122437632
1562026495,122437632
1562026496,122437632
1562026497,122437632
1562026498,122437632
1562026499,122437632
1562026500,122437632
1562026501,122437632
1562026502,122437632
1562026503,122437632
1562026504,122437632
1562026505,122437632
1562026506,122437632
1562026507,122437632
1562026508,122437632
1562026509,122437632
1562026510,122437632
1562026511,122437632
1562026512,122437632
1562026513,122437632
1562026514,122437632
1562026515,122437632
1562026516,122437632
1562026517,122437632
1562026518,122437632
1562026519,122437632
1562026520,122437632
1562026521,122437632
1562026522,122437632
1562026523,122437632
1562026524,122437632
1562026525,122437632
1562026526,122437632
1562026527,122437632
1562026528,122437632
1562026529,122437632
1562026530,122437632
1562026531,122437632
1562026532,122437632
1562026533,122437632
1562026534,122437632
1562026535,122437632
1562026536,122437632
1562026537,122437632
1562026538,122437632
1562026539,122437632
1562026540,122437632
1562026541,122437632
1562026542,122437632
1562026543,122437632
1562026544,122437632
1562026545,122437632
1562026546,122437632
1562026547,122437632
1562026548,122437632
1562026549,122437632
1562026550,122437632
1562026551,122437632
1562026552,122437632
1562026553,122437632
1562026554,122437632
1562026555,122437632
1562026556,122437632
1562026557,122437632
1562026558,122437632
1562026559,122437632
1562026560,122437632
1562026561,122437632
1562026562,122437632
1562026563,122437632
1562026564,122437632
1562026565,122437632
1562026566,122437632
1562026567,122437632
1562026568,122437632
1562026569,122437632
1562026570,122437632
1562026571,122437632
1562026572,122437632
1562026573,122437632
1562026574,122437632
1562026575,122437632
1562026576,122437632
1562026577,122437632
1562026578,122437632
1562026579,122437632
1562026580,122437632
1562026581,122437632
1562026582,122437632
1562026583,122437632
1562026584,122437632
1562026585,122437632
1562026586,122437632
1562026587,122437632
1562026588,122437632
1562026589,122437632
1562026590,122437632
1562026591,122437632
1562026592,122437632
1562026593,122437632
1562026594,122437632
1562026595,122437632
1562026596,122437632
1562026597,122437632
1562026598,122437632
1562026599,122437632
1562026600,122437632
1562026601,122437632
1562026602,122437632
1562026603,122437632
1562026604,122437632
1562026605,122437632
1562026606,122437632
1562026607,122437632
1562026608,122437632
1562026609,122437632
1562026610,122437632
1562026611,122437632
1562026612,122437632
1562026613,122437632
1562026614,122437632
1562026615,122437632
1562026616,122437632
1562026617,122437632
1562026618,122437632
1562026619,122437632
1562026620,122437632
1562026621,122437632
1562026622,122437632
1562026623,122437632
1562026624,122437632
1562026625,122437632
1562026626,122437632
1562026627,122437632
1562026628,122437632
1562026629,122437632
1562026630,122437632
1562026631,122437632
1562026632,122437632
1562026633,122437632
1562026634,122437632
1562026635,122437632
1562026636,122437632
1562026637,122437632
1562026638,122437632
1562026639,122437632
1562026640,122437632
1562026641,122437632
1562026642,122437632
1562026643,122437632
1562026644,122437632
1562026645,122437632
1562026646,122437632
1562026647,122437632
1562026648,122437632
1562026649,122437632
1562026650,122437632
1562026651,122437632
1562026652,122437632
1562026653,122437632
1562026654,122437632
1562026655,122437632
1562026656,122437632
1562026657,122437632
1562026658,122437632
1562026659,122437632
1562026660,122437632
1562026661,122437632
1562026662,122437632
1562026663,122437632
1562026664,122437632
1562026665,122437632
1562026666,122437632
1562026667,122437632
1562026668,122437632
1562026669,122437632
1562026670,122437632
1562026671,122437632
1562026672,122437632
1562026673,122437632
1562026674,122437632
1562026675,122437632
1562026676,122437632
1562026677,122437632
1562026678,122437632
1562026679,122437632
1562026680,122437632
1562026681,122437632
1562026682,122437632
1562026683,122437632
1562026684,122437632
1562026685,122437632
1562026686,122437632
1562026687,122437632
1562026688,122437632
1562026689,122437632
1562026690,122437632
1562026691,122437632
1562026692,122437632
1562026693,122437632
1562026694,122437632
1562026695,122437632
1562026696,122437632
1562026697,122437632
1562026698,122437632
1562026699,122437632
1562026700,122437632
1562026701,122437632
1562026702,122437632
1562026703,122437632
1562026704,122437632
1562026705,122437632
1562026706,122437632
1562026707,122437632
1562026708,122437632
1562026709,122437632
1562026710,122437632
1562026711,122437632
1562026712,122437632
1562026713,122437632
1562026714,122437632
1562026715,122437632
1562026716,122437632
1562026717,122437632
1562026718,122437632
1562026719,122437632
1562026720,122437632
1562026721,122437632
1562026722,122437632
1562026723,122437632
1562026724,122437632
1562026725,122437632
1562026726,122437632
1562026727,122437632
1562026728,122437632
1562026729,122437632
1562026730,122437632
1562026731,122437632
1562026732,122437632
1562026733,122437632
1562026734,122437632
1562026735,122437632
1562026736,122437632
1562026737,122437632
1562026738,122437632
1562026739,122437632
1562026740,122437632
1562026741,122437632
1562026742,122437632
1562026743,122437632
1562026744,122437632
1562026745,122437632
1562026746,122437632
1562026747,122437632
1562026748,122437632
1562026749,122437632
1562026750,122437632
1562026751,122437632
1562026752,122437632
1562026753,122437632
1562026754,122437632
1562026755,122437632
1562026756,122437632
1562026757,122437632
1562026758,122437632
1562026759,122437632
1562026760,122437632
1562026761,122437632
1562026762,122437632
1562026763,122437632
1562026764,122437632
1562026765,122437632
1562026766,122437632
1562026767,122437632
1562026768,122437632
1562026769,122437632
1562026770,122437632
1562026771,122437632
1562026772,122437632
1562026773,122437632
1562026774,122437632
1562026775,122437632
1562026776,122437632
1562026777,122437632
1562026778,122437632
1562026779,122437632
1562026780,122437632
1562026781,122437632
1562026782,122437632
1562026783,122437632
1562026784,122437632
1562026785,122437632
1562026786,122437632
1562026787,122437632
1562026788,122437632
1562026789,122437632
1562026790,122437632
1562026791,122437632
1562026792,122437632
1562026793,122437632
1562026794,122437632
1562026795,122437632
1562026796,122437632
1562026797,122437632
1562026798,122437632
1562026799,122437632
1562026800,122437632
1562026801,122437632
1562026802,122437632
1562026803,122437632
1562026804,122437632
1562026805,122437632
1562026806,122437632
1562026807,122437632
1562026808,122437632
1562026809,122437632
1562026810,122437632
1562026811,122437632
1562026812,122437632
1562026813,122437632
1562026814,122437632
1562026815,122437632
1562026816,122437632
1562026817,122437632
1562026818,122437632
1562026819,122437632
1562026820,122437632
1562026821,122437632
1562026822,122437632
1562026823,122437632
1562026824,122437632
1562026825,122437632
1562026826,122437632
1562026827,122437632
1562026828,122437632
1562026829,122437632
1562026830,122437632
1562026831,122437632
1562026832,122437632
1562026833,122437632
1562026834,122437632
1562026835,122437632
1562026836,122437632
1562026837,122437632
1562026838,122437632
1562026839,122437632
1562026840,122437632
1562026841,122437632
1562026842,122437632
1562026843,122437632
1562026844,122437632
1562026845,122437632
1562026846,122437632
1562026847,122437632
1562026848,122437632
1562026849,122437632
1562026850,122437632
1562026851,122437632
1562026852,122437632
1562026853,122437632
1562026854,122437632
1562026855,122437632
1562026856,122437632
1562026857,122437632
1562026858,122437632
1562026859,122437632
1562026860,122437632
1562026861,122437632
1562026862,122437632
1562026863,122437632
1562026864,122437632
1562026865,122437632
1562026866,122437632
1562026867,122437632
1562026868,122437632
1562026869,122437632
1562026870,122437632
1562026871,122437632
1562026872,122437632
1562026873,122437632
1562026874,122437632
1562026875,122437632
1562026876,122437632
1562026877,122437632
1562026878,122437632
1562026879,122437632
1562026880,122437632
1562026881,122437632
1562026882,122437632
1562026883,122437632
1562026884,122437632
1562026885,122437632
1562026886,122437632
1562026887,122437632
1562026888,122437632
1562026889,122437632
1562026890,122437632
1562026891,122437632
1562026892,122437632
1562026893,122437632
1562026894,122437632
1562026895,122437632
1562026896,122437632
1562026897,122437632
1562026898,122437632
1562026899,122437632
1562026900,122437632
1562026901,122437632
1562026902,122437632
1562026903,122437632
1562026904,122437632
1562026905,122437632
1562026906,122437632
1562026907,122437632
1562026908,122437632
1562026909,122437632
1562026910,122437632
1562026911,122437632
1562026912,122437632
1562026913,122437632
1562026914,122437632
1562026915,122437632
1562026916,122437632
1562026917,122437632
1562026918,122437632
1562026919,122437632
1562026920,122437632
1562026921,122437632
1562026922,122437632
1562026923,122437632
1562026924,122437632
1562026925,122437632
1562026926,122437632
1562026927,122437632
1562026928,122437632
1562026929,122437632
1562026930,122437632
1562026931,122437632
1562026932,122437632
1562026933,122437632
1562026934,122437632
1562026935,122437632
1562026936,122437632
1562026937,122437632
1562026938,122437632
1562026939,122437632
1562026940,122437632
1562026941,122437632
1562026942,122437632
1562026943,122437632
1562026944,122437632
1562026945,122437632
1562026946,122437632
1562026947,122437632
1562026948,122437632
1562026949,122437632
1562026950,122437632
1562026951,122437632
1562026952,122437632
1562026953,122437632
1562026954,122437632
1562026955,122437632
1562026956,122437632
1562026957,122437632
1562026958,122437632
1562026959,122437632
1562026960,122437632
1562026961,122437632
1562026962,122437632
1562026963,122437632
1562026964,122437632
1562026965,122437632
1562026966,122437632
1562026967,122437632
1562026968,122437632
1562026969,122437632
1562026970,122437632
1562026971,122437632
1562026972,122437632
1562026973,122437632
1562026974,122437632
1562026975,122437632
1562026976,122437632
1562026977,122437632
1562026978,122437632
1562026979,122437632
1562026980,122437632
1562026981,122437632
1562026982,122437632
1562026983,122437632
1562026984,122437632
1562026985,122437632
1562026986,122437632
1562026987,122437632
1562026988,122437632
1562026989,122437632
1562026990,122437632
1562026991,122437632
1562026992,122437632
1562026993,122437632
1562026994,122437632
1562026995,122437632
1562026996,122437632
1562026997,122437632
1562026998,122437632
1562026999,122437632
1562027000,122437632
1562027001,122437632
1562027002,122437632
1562027003,122437632
1562027004,122437632
1562027005,122437632
1562027006,122437632
1562027007,122437632
1562027008,122437632
1562027009,122437632
1562027010,122437632
1562027011,122437632
1562027012,122437632
1562027013,122437632
1562027014,122437632
1562027015,122437632
1562027016,122437632
1562027017,122437632
1562027018,122437632
1562027019,122437632
1562027020,122437632
1562027021,122437632
1562027022,122437632
1562027023,122437632
1562027024,122437632
1562027025,122437632
1562027026,122437632
1562027027,122437632
1562027028,122437632
1562027029,122437632
1562027030,122437632
1562027031,122437632
1562027032,122437632
1562027033,122437632
1562027034,122437632
1562027035,122437632
1562027036,122437632
1562027037,122437632
1562027038,122437632
1562027039,122437632
1562027040,122437632
1562027041,122437632
1562027042,122437632
1562027043,122437632
1562027044,122437632
1562027045,122437632
1562027046,122437632
1562027047,122437632
1562027048,122437632
1562027049,122437632
1562027050,122437632
1562027051,122437632
1562027052,122437632
1562027053,122437632
1562027054,122437632
1562027055,122437632
1562027056,122437632
1562027057,122437632
1562027058,122437632
1562027059,122437632
1562027060,122437632
1562027061,122437632
1562027062,122437632
1562027063,122437632
1562027064,122437632
1562027065,122437632
1562027066,122437632
1562027067,122437632
1562027068,122437632
1562027069,122437632
1562027070,122437632
1562027071,122437632
1562027072,122437632
1562027073,122437632
1562027074,122437632
1562027075,122437632
1562027076,122437632
1562027077,122437632
1562027078,122437632
1562027079,122437632
1562027080,122437632
1562027081,122437632
1562027082,122437632
1562027083,122437632
1562027084,122437632
1562027085,122437632
1562027086,122437632
1562027087,122437632
1562027088,122437632
1562027089,122437632
1562027090,122437632
1562027091,122437632
1562027092,122437632
1562027093,122437632
1562027094,122437632
1562027095,122437632
1562027096,122437632
1562027097,122437632
1562027098,122437632
1562027099,122437632
1562027100,122437632
1562027101,122437632
1562027102,122437632
1562027103,122437632
1562027104,122437632
1562027105,122437632
1562027106,122437632
1562027107,122437632
1562027108,122437632
1562027109,122437632
1562027110,122437632
1562027111,122437632
1562027112,122437632
1562027113,122437632
1562027114,122437632
1562027115,122437632
1562027116,122437632
1562027117,122437632
1562027118,122437632
1562027119,122437632
1562027120,122437632
1562027121,122437632
1562027122,122437632
1562027123,122437632
1562027124,122437632
1562027125,122437632
1562027126,122437632
1562027127,122437632
1562027128,122437632
1562027129,122437632
1562027130,122437632
1562027131,122437632
1562027132,122437632
1562027133,122437632
1562027134,122437632
1562027135,122437632
1562027136,122437632
1562027137,122437632
1562027138,122437632
1562027139,122437632
1562027140,122437632
1562027141,122437632
1562027142,122437632
1562027143,122437632
1562027144,122437632
1562027145,122437632
1562027146,122437632
1562027147,122437632
1562027148,122437632
1562027149,122437632
1562027150,122437632
1562027151,122437632
1562027152,122437632
1562027153,122437632
1562027154,122437632
1562027155,122437632
1562027156,122437632
1562027157,122437632
1562027158,122437632
1562027159,122437632
1562027160,122437632
1562027161,122437632
1562027162,122437632
1562027163,122437632
1562027164,122437632
1562027165,122437632
1562027166,122437632
1562027167,122437632
1562027168,122437632
1562027169,122437632
1562027170,122437632
1562027171,122437632
1562027172,122437632
1562027173,122437632
1562027174,122437632
1562027175,122437632
1562027176,122437632
1562027177,122437632
1562027178,122437632
1562027179,122437632
1562027180,122437632
1562027181,122437632
1562027182,122437632
1562027183,122437632
1562027184,122437632
1562027185,122437632
1562027186,122437632
1562027187,122437632
1562027188,122437632
1562027189,122437632
1562027190,122437632
1562027191,122437632
1562027192,122437632
1562027193,122437632
1562027194,122437632
1562027195,122437632
1562027196,122437632
1562027197,122437632
1562027198,122437632
1562027199,122437632
1562027200,122437632
1562027201,122437632
1562027202,122437632
1562027203,122437632
1562027204,122437632
1562027205,122437632
1562027206,122437632
1562027207,122437632
1562027208,122437632
1562027209,122437632
1562027210,122437632
1562027211,122437632
1562027212,122437632
1562027213,122437632
1562027214,122437632
1562027215,122437632
1562027216,122437632
1562027217,122437632
1562027218,122437632
1562027219,122437632
1562027220,122437632
1562027221,122437632
1562027222,122437632
1562027223,122437632
1562027224,122437632
1562027225,122437632
1562027226,122437632
1562027227,122437632
1562027228,122437632
1562027229,122437632
1562027230,122437632
1562027231,122437632
1562027232,122437632
1562027233,122437632
1562027234,122437632
1562027235,122437632
1562027236,122437632
1562027237,122437632
1562027238,122437632
1562027239,122437632
1562027240,122437632
1562027241,122437632
1562027242,122437632
1562027243,122437632
1562027244,122437632
1562027245,122437632
1562027246,122437632
1562027247,122437632
1562027248,122437632
1562027249,122437632
1562027250,122437632
1562027251,122437632
1562027252,122437632
1562027253,122437632
1562027254,122437632
1562027255,122437632
1562027256,122437632
1562027257,122437632
1562027258,122437632
1562027259,122437632
1562027260,122437632
1562027261,122437632
1562027262,122437632
1562027263,122437632
1562027264,122437632
1562027265,122437632
1562027266,122437632
1562027267,122437632
1562027268,122437632
1562027269,122437632
1562027270,122437632
1562027271,122437632
1562027272,122437632
1562027273,122437632
1562027274,122437632
1562027275,122437632
1562027276,122437632
1562027277,122437632
1562027278,122437632
1562027279,122437632
1562027280,122437632
1562027281,122437632
1562027282,122437632
1562027283,122437632
1562027284,122437632
1562027285,122437632
1562027286,122437632
1562027287,122437632
1562027288,122437632
1562027289,122437632
1562027290,122437632
1562027291,122437632
1562027292,122437632
1562027293,122437632
1562027294,122437632
1562027295,122437632
1562027296,122437632
1562027297,122437632
1562027298,122437632
1562027299,122437632
1562027300,122437632
1562027301,122437632
1562027302,122437632
1562027303,122437632
1562027304,122437632
1562027305,122437632
1562027306,122437632
1562027307,122437632
1562027308,122437632
1562027309,122437632
1562027310,122437632
1562027311,122437632
1562027312,122437632
1562027313,122437632
1562027314,122437632
1562027315,122437632
1562027316,122437632
1562027317,122437632
1562027318,122437632
1562027319,122437632
1562027320,122437632
1562027321,122437632
1562027322,122437632
1562027323,122437632
1562027324,122437632
1562027325,122437632
1562027326,122437632
1562027327,122437632
1562027328,122437632
1562027329,122437632
1562027330,122437632
1562027331,122437632
1562027332,122437632
1562027333,122437632
1562027334,122437632
1562027335,122437632
1562027336,122437632
1562027337,122437632
1562027338,122437632
1562027339,122437632
1562027340,122437632
1562027341,122437632
1562027342,122437632
1562027343,122437632
1562027344,122437632
1562027345,122437632
1562027346,122437632
1562027347,122437632
1562027348,122437632
1562027349,122437632
1562027350,122437632
1562027351,122437632
1562027352,122437632
1562027353,122437632
1562027354,122437632
1562027355,122437632
1562027356,122437632
1562027357,122437632
1562027358,122437632
1562027359,122437632
1562027360,122437632
1562027361,122437632
1562027362,122437632
1562027363,122437632
1562027364,122437632
1562027365,122437632
1562027366,122437632
1562027367,122437632
1562027368,122437632
1562027369,122437632
1562027370,122437632
1562027371,122437632
1562027372,122437632
1562027373,122437632
1562027374,122437632
1562027375,122437632
1562027376,122437632
1562027377,122437632
1562027378,122437632
1562027379,122437632
1562027380,122437632
1562027381,122437632
1562027382,122437632
1562027383,122437632
1562027384,122437632
1562027385,122437632
1562027386,122437632
1562027387,122437632
1562027388,122437632
1562027389,122437632
1562027390,122437632
1562027391,122437632
1562027392,122437632
1562027393,122437632
1562027394,122437632
1562027395,122437632
1562027396,122437632
1562027397,122437632
1562027398,122437632
1562027399,122437632
1562027400,122437632
1562027401,122437632
1562027402,122437632
1562027403,122437632
1562027404,122437632
1562027405,122437632
1562027406,122437632
1562027407,122437632
1562027408,122437632
1562027409,122437632
1562027410,122437632
1562027411,122437632
1562027412,122437632
1562027413,122437632
1562027414,122437632
1562027415,122437632
1562027416,122437632
1562027417,122437632
1562027418,122437632
1562027419,122437632
1562027420,122437632
1562027421,122437632
1562027422,122437632
1562027423,122437632
1562027424,122437632
1562027425,122437632
1562027426,122437632
1562027427,122437632
1562027428,122437632
1562027429,122437632
1562027430,122437632
1562027431,122437632
1562027432,122437632
1562027433,122437632
1562027434,122437632
1562027435,122437632
1562027436,122437632
1562027437,122437632
1562027438,122437632
1562027439,122437632
1562027440,122437632
1562027441,122437632
1562027442,122437632
1562027443,122437632
1562027444,122437632
1562027445,122437632
1562027446,122437632
1562027447,122437632
1562027448,122437632
1562027449,122437632
1562027450,122437632
1562027451,122437632
1562027452,122437632
1562027453,122437632
1562027454,122437632
1562027455,122437632
1562027456,122437632
1562027457,122437632
1562027458,122437632
1562027459,122437632
1562027460,122437632
1562027461,122437632
1562027462,122437632
1562027463,122437632
1562027464,122437632
1562027465,122437632
1562027466,122437632
1562027467,122437632
1562027468,122437632
1562027469,122437632
1562027470,122437632
1562027471,122437632
1562027472,122437632
1562027473,122437632
1562027474,122437632
1562027475,122437632
1562027476,122437632
1562027477,122437632
1562027478,122437632
1562027479,122437632
1562027480,122437632
1562027481,122437632
1562027482,122437632
1562027483,122437632
1562027484,122437632
1562027485,122437632
1562027486,122437632
1562027487,122437632
1562027488,122437632
1562027489,122437632
1562027490,122437632
1562027491,122437632
1562027492,122437632
1562027493,122437632
1562027494,122437632
1562027495,122437632
1562027496,122437632
1562027497,122437632
1562027498,122437632
1562027499,122437632
1562027500,122437632
1562027501,122437632
1562027502,122437632
1562027503,122437632
1562027504,122437632
1562027505,122437632
1562027506,122437632
1562027507,122437632
1562027508,122437632
1562027509,122437632
1562027510,122437632
1562027511,122437632
1562027512,122437632
1562027513,122437632
1562027514,122437632
1562027515,122437632
1562027516,122437632
1562027517,122437632
1562027518,122437632
1562027519,122437632
1562027520,122437632
1562027521,122437632
1562027522,122437632
1562027523,122437632
1562027524,122437632
1562027525,122437632
1562027526,122437632
1562027527,122437632
1562027528,122437632
1562027529,122437632
1562027530,122437632
1562027531,122437632
1562027532,122437632
1562027533,122437632
1562027534,122437632
1562027535,122437632
1562027536,122437632
1562027537,122437632
1562027538,122437632
1562027539,122437632
1562027540,122437632
1562027541,122437632
1562027542,122437632
1562027543,122437632
1562027544,122437632
1562027545,122437632
1562027546,122437632
1562027547,122437632
1562027548,122437632
1562027549,122437632
1562027550,122437632
1562027551,122437632
1562027552,122437632
1562027553,122437632
1562027554,122437632
1562027555,122437632
1562027556,122437632
1562027557,122437632
1562027558,122437632
1562027559,122437632
1562027560,122437632
1562027561,122437632
1562027562,122437632
1562027563,122437632
1562027564,122437632
1562027565,122437632
1562027566,122437632
1562027567,122437632
1562027568,122437632
1562027569,122437632
1562027570,122437632
1562027571,122437632
1562027572,122437632
1562027573,122437632
1562027574,122437632
1562027575,122437632
1562027576,122437632
1562027577,122437632
1562027578,122437632
1562027579,122437632
1562027580,122437632
1562027581,122437632
1562027582,122437632
1562027583,122437632
1562027584,122437632
1562027585,122437632
1562027586,122437632
1562027587,122437632
1562027588,122437632
1562027589,122437632
1562027590,122437632
1562027591,122437632
1562027592,122437632
1562027593,122437632
1562027594,122437632
1562027595,122437632
1562027596,122437632
1562027597,122437632
1562027598,122437632
1562027599,122437632
1562027600,122437632
1562027601,122437632
1562027602,122437632
1562027603,122437632
1562027604,122437632
1562027605,122437632
1562027606,122437632
1562027607,122437632
1562027608,122437632
1562027609,122437632
1562027610,122437632
1562027611,122437632
1562027612,122437632
1562027613,122437632
1562027614,122437632
1562027615,122437632
1562027616,122437632
1562027617,122437632
1562027618,122437632
1562027619,122437632
1562027620,122437632
1562027621,122437632
1562027622,122437632
1562027623,122437632
1562027624,122437632
1562027625,122437632
1562027626,122437632
1562027627,122437632
1562027628,122437632
1562027629,122437632
1562027630,122437632
1562027631,122437632
1562027632,122437632
1562027633,122437632
1562027634,122437632
1562027635,122437632
1562027636,122437632
1562027637,122437632
1562027638,122437632
1562027639,122437632
1562027640,122437632
1562027641,122437632
1562027642,122437632
1562027643,122437632
1562027644,122437632
1562027645,122437632
1562027646,122437632
1562027647,122437632
1562027648,122437632
1562027649,122437632
1562027650,122437632
1562027651,122437632
1562027652,122437632
1562027653,122437632
1562027654,122437632
1562027655,122437632
1562027656,122437632
1562027657,122437632
1562027658,122437632
1562027659,122437632
1562027660,122437632
1562027661,122437632
1562027662,122437632
1562027663,122437632
1562027664,122437632
1562027665,122437632
1562027666,122437632
1562027667,122437632
1562027668,122437632
1562027669,122437632
1562027670,122437632
1562027671,122437632
1562027672,122437632
1562027673,122437632
1562027674,122437632
1562027675,122437632
1562027676,122437632
1562027677,122437632
1562027678,122437632
1562027679,122437632
1562027680,122437632
1562027681,122437632
1562027682,122437632
1562027683,122437632
1562027684,122437632
1562027685,122437632
1562027686,122437632
1562027687,122437632
1562027688,122437632
1562027689,122437632
1562027690,122437632
1562027691,122437632
1562027692,122437632
1562027693,122437632
1562027694,122437632
1562027695,122437632
1562027696,122437632
1562027697,122437632
1562027698,122437632
1562027699,122437632
1562027700,122437632
1562027701,122437632
1562027702,122437632
1562027703,122437632
1562027704,122437632
1562027705,122437632
1562027706,122437632
1562027707,122437632
1562027708,122437632
1562027709,122437632
1562027710,122437632
1562027711,122437632
1562027712,122437632
1562027713,122437632
1562027714,122437632
1562027715,122437632
1562027716,122437632
1562027717,122437632
1562027718,122437632
1562027719,122437632
1562027720,122437632
1562027721,122437632
1562027722,122437632
1562027723,122437632
1562027724,122437632
1562027725,122437632
1562027726,122437632
1562027727,122437632
1562027728,122437632
1562027729,122437632
1562027730,122437632
1562027731,122437632
1562027732,122437632
1562027733,122437632
1562027734,122437632
1562027735,122437632
1562027736,122437632
1562027737,122437632
1562027738,122437632
1562027739,122437632
1562027740,122437632
1562027741,122437632
1562027742,122437632
1562027743,122437632
1562027744,122437632
1562027745,122437632
1562027746,122437632
1562027747,122437632
1562027748,122437632
1562027749,122437632
1562027750,122437632
1562027751,122437632
1562027752,122437632
1562027753,122437632
1562027754,122437632
1562027755,122437632
1562027756,122437632
1562027757,122437632
1562027758,122437632
1562027759,122437632
1562027760,122437632
1562027761,122437632
1562027762,122437632
1562027763,122437632
1562027764,122437632
1562027765,122437632
1562027766,122437632
1562027767,122437632
1562027768,122437632
1562027769,122437632
1562027770,122437632
1562027771,122437632
1562027772,122437632
1562027773,122437632
1562027774,122437632
1562027775,122437632
1562027776,122437632
1562027777,122437632
1562027778,122437632
1562027779,122437632
1562027780,122437632
1562027781,122437632
1562027782,122437632
1562027783,122437632
1562027784,122437632
1562027785,122437632
1562027786,122437632
1562027787,122437632
1562027788,122437632
1562027789,122437632
1562027790,122437632
1562027791,122437632
1562027792,122437632
1562027793,122437632
1562027794,122437632
1562027795,122437632
1562027796,122437632
1562027797,122437632
1562027798,122437632
1562027799,122437632
1562027800,122437632
1562027801,122437632
1562027802,122437632
1562027803,122437632
1562027804,122437632
1562027805,122437632
1562027806,122437632
1562027807,122437632
1562027808,122437632
1562027809,122437632
1562027810,122437632
1562027811,122437632
1562027812,122437632
1562027813,122437632
1562027814,122437632
1562027815,122437632
1562027816,122437632
1562027817,122437632
1562027818,122437632
1562027819,122077184
1562027820,122077184
1562027821,122077184
1562027822,122077184
1562027823,122077184
1562027824,122077184
1562027825,122077184
1562027826,122077184
1562027827,122077184
1562027828,122077184
1562027829,122077184
1562027830,122077184
1562027831,122077184
1562027832,122077184
1562027833,122077184
1562027834,122077184
1562027835,122077184
1562027836,122077184
1562027837,122077184
1562027838,122077184
1562027839,122077184
1562027840,122077184
1562027841,122077184
1562027842,122077184
1562027843,122077184
1562027844,122077184
1562027845,122077184
1562027846,122077184
1562027847,122077184
1562027848,122077184
1562027849,122077184
1562027850,122077184
1562027851,122077184
1562027852,122077184
1562027853,122077184
1562027854,122077184
1562027855,122077184
1562027856,122077184
1562027857,122077184
1562027858,122077184
1562027859,122077184
1562027860,122077184
1562027861,122077184
1562027862,122077184
1562027863,122077184
1562027864,122077184
1562027865,122077184
1562027866,122077184
1562027867,122077184
1562027868,122077184
1562027869,122077184
1562027870,122077184
1562027871,122077184
1562027872,122077184
1562027873,122077184
1562027874,122077184
1562027875,122077184
1562027876,122077184
1562027877,122077184
1562027878,122077184
1562027879,122077184
1562027880,122077184
1562027881,122077184
1562027882,122077184
1562027883,122077184
1562027884,122077184
1562027885,122077184
1562027886,122617856
1562027887,122617856
1562027888,122617856
1562027889,122617856
1562027890,122617856
1562027891,122617856
1562027892,122617856
1562027893,122617856
1562027894,122617856
1562027895,122617856
1562027896,122617856
1562027897,122617856
1562027898,122617856
1562027899,122617856
1562027900,122617856
1562027901,122617856
1562027902,122617856
1562027903,122617856
1562027904,122617856
1562027905,122617856
1562027906,122617856
1562027907,122617856
1562027908,122617856
1562027909,122617856
1562027910,122617856
1562027911,122617856
1562027912,122617856
1562027913,122617856
1562027914,122617856
1562027915,122617856
1562027916,122617856
1562027917,122617856
1562027918,122617856
1562027919,122617856
1562027920,122617856
1562027921,122617856
1562027922,122617856
1562027923,122617856
1562027924,122617856
1562027925,122617856
1562027926,122617856
1562027927,122617856
1562027928,122617856
1562027929,122617856
1562027930,122617856
1562027931,122617856
1562027932,122617856
1562027933,122617856
1562027934,122617856
1562027935,122617856
1562027936,122617856
1562027937,122617856
1562027938,122617856
1562027939,122617856
1562027940,122617856
1562027941,122617856
1562027942,122617856
1562027943,122617856
1562027944,122617856
1562027945,122617856
1562027946,122617856
1562027947,122617856
1562027948,122617856
1562027949,122617856
1562027950,122617856
1562027951,122617856
1562027952,122617856
1562027953,122617856
1562027954,122617856
1562027955,122617856
1562027956,122617856
1562027957,122617856
1562027958,122617856
1562027959,122617856
1562027960,122617856
1562027961,122617856
1562027962,122617856
1562027963,122617856
1562027964,122617856
1562027965,122617856
1562027966,122617856
1562027967,122617856
1562027968,122617856
1562027969,122617856
1562027970,122617856
1562027971,122617856
1562027972,122617856
1562027973,122617856
1562027974,122617856
1562027975,122617856
1562027976,122617856
1562027977,122617856
1562027978,122617856
1562027979,122617856
1562027980,122617856
1562027981,122617856
1562027982,122617856
1562027983,122617856
1562027984,122617856
1562027985,122617856
1562027986,122617856
1562027987,122617856
1562027988,122617856
1562027989,122617856
1562027990,122617856
1562027991,122617856
1562027992,122617856
1562027993,122617856
1562027994,122617856
1562027995,122617856
1562027996,122617856
1562027997,122617856
1562027998,122617856
1562027999,122617856
1562028000,122617856
1562028001,122617856
1562028002,122617856
1562028003,122617856
1562028004,122617856
1562028005,122617856
1562028006,122617856
1562028007,122617856
1562028008,122617856
1562028009,122617856
1562028010,122617856
1562028011,122617856
1562028012,122617856
1562028013,122617856
1562028014,122617856
1562028015,122617856
1562028016,122617856
1562028017,122617856
1562028018,122617856
1562028019,122617856
1562028020,122617856
1562028021,122617856
1562028022,122617856
1562028023,122617856
1562028024,122617856
1562028025,122617856
1562028026,122617856
1562028027,122617856
1562028028,122617856
1562028029,122617856
1562028030,122617856
1562028031,122617856
1562028032,122617856
1562028033,122617856
1562028034,122617856
1562028035,122617856
1562028036,122617856
1562028037,122617856
1562028038,122617856
1562028039,122617856
1562028040,122617856
1562028041,122617856
1562028042,122617856
1562028043,122617856
1562028044,122617856
1562028045,122617856
1562028046,122617856
1562028047,122617856
1562028048,122617856
1562028049,122617856
1562028050,122617856
1562028051,122617856
1562028052,122617856
1562028053,122617856
1562028054,122617856
1562028055,122617856
1562028056,122617856
1562028057,122617856
1562028058,122617856
1562028059,122617856
1562028060,122617856
1562028061,122617856
1562028062,122617856
1562028063,122617856
1562028064,122617856
1562028065,122617856
1562028066,122617856
1562028067,122617856
1562028068,122617856
1562028069,122617856
1562028070,122617856
1562028071,122617856
1562028072,122617856
1562028073,122617856
1562028074,122617856
1562028075,122617856
1562028076,122617856
1562028077,122617856
1562028078,122617856
1562028079,122617856
1562028080,122617856
1562028081,122617856
1562028082,122617856
1562028083,122617856
1562028084,122617856
1562028085,122617856
1562028086,122617856
1562028087,122617856
1562028088,122617856
1562028089,122617856
1562028090,122617856
1562028091,122617856
1562028092,122617856
1562028093,122617856
1562028094,122617856
1562028095,122617856
1562028096,122617856
1562028097,122617856
1562028098,122617856
1562028099,122617856
1562028100,122617856
1562028101,122617856
1562028102,122617856
1562028103,122617856
1562028104,122617856
1562028105,122617856
1562028106,122617856
1562028107,122617856
1562028108,122617856
1562028109,122617856
1562028110,122617856
1562028111,122617856
1562028112,122617856
1562028113,122617856
1562028114,122617856
1562028115,122617856
1562028116,122617856
1562028117,122617856
1562028118,122617856
1562028119,122617856
1562028120,122617856
1562028121,122617856
1562028122,122617856
1562028123,122617856
1562028124,122617856
1562028125,122617856
1562028126,122617856
1562028127,122617856
1562028128,122617856
1562028129,122617856
1562028130,122617856
1562028131,122617856
1562028132,122617856
1562028133,122617856
1562028134,122617856
1562028135,122617856
1562028136,122617856
1562028137,122617856
1562028138,122617856
1562028139,122617856
1562028140,122617856
1562028141,122617856
1562028142,122617856
1562028143,122617856
1562028144,122617856
1562028145,122617856
1562028146,122617856
1562028147,122617856
1562028148,122617856
1562028149,122617856
1562028150,122617856
1562028151,122617856
1562028152,122617856
1562028153,122617856
1562028154,122617856
1562028155,122617856
1562028156,122617856
1562028157,122617856
1562028158,122617856
1562028159,122617856
1562028160,122617856
1562028161,122617856
1562028162,122617856
1562028163,122617856
1562028164,122617856
1562028165,122617856
1562028166,122617856
1562028167,122617856
1562028168,122617856
1562028169,122617856
1562028170,122617856
1562028171,122617856
1562028172,122617856
1562028173,122617856
1562028174,122617856
1562028175,122617856
1562028176,122617856
1562028177,122617856
1562028178,122617856
1562028179,122617856
1562028180,122617856
1562028181,122617856
1562028182,122617856
1562028183,122617856
1562028184,122617856
1562028185,122617856
1562028186,122617856
1562028187,122617856
1562028188,122617856
1562028189,122617856
1562028190,122617856
1562028191,122617856
1562028192,122617856
1562028193,122617856
1562028194,122617856
1562028195,122617856
1562028196,122617856
1562028197,122617856
1562028198,122617856
1562028199,122617856
1562028200,122617856
1562028201,122617856
1562028202,122617856
1562028203,122617856
1562028204,122617856
1562028205,122617856
1562028206,122617856
1562028207,122617856
1562028208,122617856
1562028209,122617856
1562028210,122617856
1562028211,122617856
1562028212,122617856
1562028213,122617856
1562028214,122617856
1562028215,122617856
1562028216,122617856
1562028217,122617856
1562028218,122617856
1562028219,122617856
1562028220,122617856
1562028221,122617856
1562028222,122617856
1562028223,122617856
1562028224,122617856
1562028225,122617856
1562028226,122617856
1562028227,122617856
1562028228,122617856
1562028229,122617856
1562028230,122617856
1562028231,122617856
1562028232,122617856
1562028233,122617856
1562028234,122617856
1562028235,122617856
1562028236,122617856
1562028237,122617856
1562028238,122617856
1562028239,122617856
1562028240,122617856
1562028241,122617856
1562028242,122617856
1562028243,122617856
1562028244,122617856
1562028245,122617856
1562028246,122617856
1562028247,122617856
1562028248,122617856
1562028249,122617856
1562028250,122617856
1562028251,122617856
1562028252,122617856
1562028253,122617856
1562028254,122617856
1562028255,122617856
1562028256,122617856
1562028257,122617856
1562028258,122617856
1562028259,122617856
1562028260,122617856
1562028261,122617856
1562028262,122617856
1562028263,122617856
1562028264,122617856
1562028265,122617856
1562028266,122617856
1562028267,122617856
1562028268,122617856
1562028269,122617856
1562028270,122617856
1562028271,122617856
1562028272,122617856
1562028273,122617856
1562028274,122617856
1562028275,122617856
1562028276,122617856
1562028277,122617856
1562028278,122617856
1562028279,122617856
1562028280,122617856
1562028281,122617856
1562028282,122617856
1562028283,122617856
1562028284,122617856
1562028285,122617856
1562028286,122617856
1562028287,122617856
1562028288,122617856
1562028289,122617856
1562028290,122617856
1562028291,122617856
1562028292,122617856
1562028293,122617856
1562028294,122617856
1562028295,122617856
1562028296,122617856
1562028297,122617856
1562028298,122617856
1562028299,122617856
1562028300,122617856
1562028301,122617856
1562028302,122617856
1562028303,122617856
1562028304,122617856
1562028305,122617856
1562028306,122617856
1562028307,122617856
1562028308,122617856
1562028309,122617856
1562028310,122617856
1562028311,122617856
1562028312,122617856
1562028313,122617856
1562028314,122617856
1562028315,122617856
1562028316,122617856
1562028317,122617856
1562028318,122617856
1562028319,122617856
1562028320,122617856
1562028321,122617856
1562028322,122617856
1562028323,122617856
1562028324,122617856
1562028325,122617856
1562028326,122617856
1562028327,122617856
1562028328,122617856
1562028329,122617856
1562028330,122617856
1562028331,122617856
1562028332,122617856
1562028333,122617856
1562028334,122617856
1562028335,122617856
1562028336,122617856
1562028337,122617856
1562028338,122617856
1562028339,122617856
1562028340,122617856
1562028341,122617856
1562028342,122617856
1562028343,122617856
1562028344,122617856
1562028345,122617856
1562028346,122617856
1562028347,122617856
1562028348,122617856
1562028349,122617856
1562028350,122617856
1562028351,122617856
1562028352,122617856
1562028353,122617856
1562028354,122617856
1562028355,122617856
1562028356,122617856
1562028357,122617856
1562028358,122617856
1562028359,122617856
1562028360,122617856
1562028361,122617856
1562028362,122617856
1562028363,122617856
1562028364,122617856
1562028365,122617856
1562028366,122617856
1562028367,122617856
1562028368,122617856
1562028369,122617856
1562028370,122617856
1562028371,122617856
1562028372,122617856
1562028373,122617856
1562028374,122617856
1562028375,122617856
1562028376,122617856
1562028377,122617856
1562028378,122617856
1562028379,122617856
1562028380,122617856
1562028381,122617856
1562028382,122617856
1562028383,122617856
1562028384,122617856
1562028385,122617856
1562028386,122617856
1562028387,122617856
1562028388,122617856
1562028389,122617856
1562028390,122617856
1562028391,122617856
1562028392,122617856
1562028393,122617856
1562028394,122617856
1562028395,122617856
1562028396,122617856
1562028397,122617856
1562028398,122617856
1562028399,122617856
1562028400,122617856
1562028401,122617856
1562028402,122617856
1562028403,122617856
1562028404,122617856
1562028405,122617856
1562028406,122617856
1562028407,122617856
1562028408,122617856
1562028409,122617856
1562028410,122617856
1562028411,122617856
1562028412,122617856
1562028413,122617856
1562028414,122617856
1562028415,122617856
1562028416,122617856
1562028417,122617856
1562028418,122617856
1562028419,122257408
1562028420,122257408
1562028421,122257408
1562028422,122257408
1562028423,122257408
1562028424,122257408
1562028425,122257408
1562028426,122257408
1562028427,122257408
1562028428,122257408
1562028429,122257408
1562028430,122257408
1562028431,122257408
1562028432,122257408
1562028433,122257408
1562028434,122257408
1562028435,122257408
1562028436,122257408
1562028437,122257408
1562028438,122257408
1562028439,122257408
1562028440,122257408
1562028441,122257408
1562028442,122257408
1562028443,122257408
1562028444,122527744
1562028445,122527744
1562028446,122527744
1562028447,122527744
1562028448,122527744
1562028449,122527744
1562028450,122527744
1562028451,122527744
1562028452,122527744
1562028453,122527744
1562028454,122527744
1562028455,122527744
1562028456,122527744
1562028457,122527744
1562028458,122527744
1562028459,122527744
1562028460,122527744
1562028461,122527744
1562028462,122527744
1562028463,122527744
1562028464,122527744
1562028465,122527744
1562028466,122527744
1562028467,122527744
1562028468,122527744
1562028469,122527744
1562028470,122527744
1562028471,122527744
1562028472,122527744
1562028473,122527744
1562028474,122527744
1562028475,122527744
1562028476,122527744
1562028477,122527744
1562028478,122527744
1562028479,122527744
1562028480,122527744
1562028481,122527744
1562028482,122527744
1562028483,122527744
1562028484,122527744
1562028485,122527744
1562028486,122527744
1562028487,122527744
1562028488,122527744
1562028489,122527744
1562028490,122527744
1562028491,122527744
1562028492,122527744
1562028493,122527744
1562028494,122527744
1562028495,122527744
1562028496,122527744
1562028497,122527744
1562028498,122527744
1562028499,122527744
1562028500,122527744
1562028501,122527744
1562028502,122527744
1562028503,122527744
1562028504,122527744
1562028505,122527744
1562028506,122527744
1562028507,122527744
1562028508,122527744
1562028509,122527744
1562028510,122527744
1562028511,122527744
1562028512,122527744
1562028513,122527744
1562028514,122527744
1562028515,122527744
1562028516,122527744
1562028517,122527744
1562028518,122527744
1562028519,122527744
1562028520,122527744
1562028521,122527744
1562028522,122527744
1562028523,122527744
1562028524,122527744
1562028525,122527744
1562028526,122527744
1562028527,122527744
1562028528,122527744
1562028529,122527744
1562028530,122527744
1562028531,122527744
1562028532,122527744
1562028533,122527744
1562028534,122527744
1562028535,122527744
1562028536,122527744
1562028537,122527744
1562028538,122527744
1562028539,122527744
1562028540,122527744
1562028541,122527744
1562028542,122527744
1562028543,122527744
1562028544,122527744
1562028545,122527744
1562028546,122527744
1562028547,122527744
1562028548,122527744
1562028549,122527744
1562028550,122527744
1562028551,122527744
1562028552,122527744
1562028553,122527744
1562028554,122527744
1562028555,122527744
1562028556,122527744
1562028557,122527744
1562028558,122527744
1562028559,122527744
1562028560,122527744
1562028561,122527744
1562028562,122527744
1562028563,122527744
1562028564,122527744
1562028565,122527744
1562028566,122527744
1562028567,122527744
1562028568,122527744
1562028569,122527744
1562028570,122527744
1562028571,122527744
1562028572,122527744
1562028573,122527744
1562028574,122527744
1562028575,122527744
1562028576,122527744
1562028577,122527744
1562028578,122527744
1562028579,122527744
1562028580,122527744
1562028581,122527744
1562028582,122527744
1562028583,122527744
1562028584,122527744
1562028585,122527744
1562028586,122527744
1562028587,122527744
1562028588,122527744
1562028589,122527744
1562028590,122527744
1562028591,122527744
1562028592,122527744
1562028593,122527744
1562028594,122527744
1562028595,122527744
1562028596,122527744
1562028597,122527744
1562028598,122527744
1562028599,122527744
1562028600,122527744
1562028601,122527744
1562028602,122527744
1562028603,122527744
1562028604,122527744
1562028605,122527744
1562028606,122527744
1562028607,122527744
1562028608,122527744
1562028609,122527744
1562028610,122527744
1562028611,122527744
1562028612,122527744
1562028613,122527744
1562028614,122527744
1562028615,122527744
1562028616,122527744
1562028617,122527744
1562028618,122527744
1562028619,122527744
1562028620,122527744
1562028621,122527744
1562028622,122527744
1562028623,122527744
1562028624,122527744
1562028625,122527744
1562028626,122527744
1562028627,122527744
1562028628,122527744
1562028629,122527744
1562028630,122527744
1562028631,122527744
1562028632,122527744
1562028633,122527744
1562028634,122527744
1562028635,122527744
1562028636,122527744
1562028637,122527744
1562028638,122527744
1562028639,122527744
1562028640,122527744
1562028641,122527744
1562028642,122527744
1562028643,122527744
1562028644,122527744
1562028645,122527744
1562028646,122527744
1562028647,122527744
1562028648,122527744
1562028649,122527744
1562028650,122527744
1562028651,122527744
1562028652,122527744
1562028653,122527744
1562028654,122527744
1562028655,122527744
1562028656,122527744
1562028657,122527744
1562028658,122527744
1562028659,122527744
1562028660,122527744
1562028661,122527744
1562028662,122527744
1562028663,122527744
1562028664,122527744
1562028665,122527744
1562028666,122527744
1562028667,122527744
1562028668,122527744
1562028669,122527744
1562028670,122527744
1562028671,122527744
1562028672,122527744
1562028673,122527744
1562028674,122527744
1562028675,122527744
1562028676,122527744
1562028677,122527744
1562028678,122527744
1562028679,122527744
1562028680,122527744
1562028681,122527744
1562028682,122527744
1562028683,122527744
1562028684,122527744
1562028685,122527744
1562028686,122527744
1562028687,122527744
1562028688,122527744
1562028689,122527744
1562028690,122527744
1562028691,122527744
1562028692,122527744
1562028693,122527744
1562028694,122527744
1562028695,122527744
1562028696,122527744
1562028697,122527744
1562028698,122527744
1562028699,122527744
1562028700,122527744
1562028701,122527744
1562028702,122527744
1562028703,122527744
1562028704,122527744
1562028705,122527744
1562028706,122527744
1562028707,122527744
1562028708,122527744
1562028709,122527744
1562028710,122527744
1562028711,122527744
1562028712,122527744
1562028713,122527744
1562028714,122527744
1562028715,122527744
1562028716,122527744
1562028717,122527744
1562028718,122527744
1562028719,122527744
1562028720,122527744
1562028721,122527744
1562028722,122527744
1562028723,122527744
1562028724,122527744
1562028725,122527744
1562028726,122527744
1562028727,122527744
1562028728,122527744
1562028729,122527744
1562028730,122527744
1562028731,122527744
1562028732,122527744
1562028733,122527744
1562028734,122527744
1562028735,122527744
1562028736,122527744
1562028737,122527744
1562028738,122527744
1562028739,122527744
1562028740,122527744
1562028741,122527744
1562028742,122527744
1562028743,122527744
1562028744,122527744
1562028745,122527744
1562028746,122527744
1562028747,122527744
1562028748,122527744
1562028749,122527744
1562028750,122527744
1562028751,122527744
1562028752,122527744
1562028753,122527744
1562028754,122527744
1562028755,122527744
1562028756,122527744
1562028757,122527744
1562028758,122527744
1562028759,122527744
1562028760,122527744
1562028761,122527744
1562028762,122527744
1562028763,122527744
1562028764,122527744
1562028765,122527744
1562028766,122527744
1562028767,122527744
1562028768,122527744
1562028769,122527744
1562028770,122527744
1562028771,122527744
1562028772,122527744
1562028773,122527744
1562028774,122527744
1562028775,122527744
1562028776,122527744
1562028777,122527744
1562028778,122527744
1562028779,122527744
1562028780,122527744
1562028781,122527744
1562028782,122527744
1562028783,122527744
1562028784,122527744
1562028785,122527744
1562028786,122527744
1562028787,122527744
1562028788,122527744
1562028789,122527744
1562028790,122527744
1562028791,122527744
1562028792,122527744
1562028793,122527744
1562028794,122527744
1562028795,122527744
1562028796,122527744
1562028797,122527744
1562028798,122527744
1562028799,122527744
1562028800,122527744
1562028801,122527744
1562028802,122527744
1562028803,122527744
1562028804,122527744
1562028805,122527744
1562028806,122527744
1562028807,122527744
1562028808,122527744
1562028809,122527744
1562028810,122527744
1562028811,122527744
1562028812,122527744
1562028813,122527744
1562028814,122527744
1562028815,122527744
1562028816,122527744
1562028817,122527744
1562028818,122527744
1562028819,122527744
1562028820,122527744
1562028821,122527744
1562028822,122527744
1562028823,122527744
1562028824,122527744
1562028825,122527744
1562028826,122527744
1562028827,122527744
1562028828,122527744
1562028829,122527744
1562028830,122527744
1562028831,122527744
1562028832,122527744
1562028833,122527744
1562028834,122527744
1562028835,122527744
1562028836,122527744
1562028837,122527744
1562028838,122527744
1562028839,122527744
1562028840,122527744
1562028841,122527744
1562028842,122527744
1562028843,122527744
1562028844,122527744
1562028845,122527744
1562028846,122527744
1562028847,122527744
1562028848,122527744
1562028849,122527744
1562028850,122527744
1562028851,122527744
1562028852,122527744
1562028853,122527744
1562028854,122527744
1562028855,122527744
1562028856,122527744
1562028857,122527744
1562028858,122527744
1562028859,122527744
1562028860,122527744
1562028861,122527744
1562028862,122527744
1562028863,122527744
1562028864,122527744
1562028865,122527744
1562028866,122527744
1562028867,122527744
1562028868,122527744
1562028869,122109952
1562028870,122109952
1562028871,122109952
1562028872,122109952
1562028873,122109952
1562028874,122109952
1562028875,122109952
1562028876,122109952
1562028877,122109952
1562028878,122109952
1562028879,122109952
1562028880,122109952
1562028881,122109952
1562028882,122109952
1562028883,122109952
1562028884,122109952
1562028885,122109952
1562028886,122109952
1562028887,122109952
1562028888,122109952
1562028889,122109952
1562028890,122109952
1562028891,122109952
1562028892,122109952
1562028893,122109952
1562028894,122109952
1562028895,122109952
1562028896,122109952
1562028897,122109952
1562028898,122109952
1562028899,122109952
1562028900,122109952
1562028901,122109952
1562028902,122109952
1562028903,122109952
1562028904,122109952
1562028905,122109952
1562028906,122109952
1562028907,122109952
1562028908,122109952
1562028909,122109952
1562028910,122109952
1562028911,122109952
1562028912,122109952
1562028913,122109952
1562028914,122109952
1562028915,122109952
1562028916,122109952
1562028917,122109952
1562028918,122109952
1562028919,122109952
1562028920,122109952
1562028921,122109952
1562028922,122109952
1562028923,122109952
1562028924,122109952
1562028925,122109952
1562028926,122109952
1562028927,122109952
1562028928,122109952
1562028929,122109952
1562028930,122109952
1562028931,122109952
1562028932,122109952
1562028933,122109952
1562028934,122109952
1562028935,122109952
1562028936,122109952
1562028937,122109952
1562028938,122109952
1562028939,122109952
1562028940,122109952
1562028941,122109952
1562028942,122109952
1562028943,122109952
1562028944,122109952
1562028945,122109952
1562028946,122109952
1562028947,122109952
1562028948,122109952
1562028949,122109952
1562028950,122109952
1562028951,122109952
1562028952,122109952
1562028953,122109952
1562028954,122109952
1562028955,122109952
1562028956,122109952
1562028957,122109952
1562028958,122109952
1562028959,122109952
1562028960,122109952
1562028961,122109952
1562028962,122109952
1562028963,122109952
1562028964,122109952
1562028965,122109952
1562028966,122109952
1562028967,122109952
1562028968,122109952
1562028969,122109952
1562028970,122109952
1562028971,122109952
1562028972,122109952
1562028973,122109952
1562028974,122109952
1562028975,122109952
1562028976,122109952
1562028977,122109952
1562028978,122109952
1562028979,122109952
1562028980,122109952
1562028981,122109952
1562028982,122109952
1562028983,122109952
1562028984,122109952
1562028985,122109952
1562028986,122109952
1562028987,122109952
1562028988,122109952
1562028989,122109952
1562028990,122109952
1562028991,122109952
1562028992,122109952
1562028993,122109952
1562028994,122109952
1562028995,122109952
1562028996,122109952
1562028997,122109952
1562028998,122109952
1562028999,122109952
1562029000,122109952
1562029001,122109952
1562029002,122109952
1562029003,122109952
1562029004,122109952
1562029005,122109952
1562029006,122109952
1562029007,122109952
1562029008,122109952
1562029009,122109952
1562029010,122109952
1562029011,122109952
1562029012,122109952
1562029013,122109952
1562029014,122109952
1562029015,122109952
1562029016,122109952
1562029017,122109952
1562029018,122109952
1562029019,122109952
1562029020,122109952
1562029021,122109952
1562029022,122109952
1562029023,122109952
1562029024,122109952
1562029025,122109952
1562029026,122109952
1562029027,122109952
1562029028,122109952
1562029029,122109952
1562029030,122109952
1562029031,122109952
1562029032,122109952
1562029033,122109952
1562029034,122109952
1562029035,122109952
1562029036,122109952
1562029037,122109952
1562029038,122109952
1562029039,122109952
1562029040,122109952
1562029041,122109952
1562029042,122109952
1562029043,122109952
1562029044,122109952
1562029045,122109952
1562029046,122109952
1562029047,122109952
1562029048,122109952
1562029049,122109952
1562029050,122109952
1562029051,122109952
1562029052,122109952
1562029053,122109952
1562029054,122109952
1562029055,122109952
1562029056,122109952
1562029057,122109952
1562029058,122109952
1562029059,122109952
1562029060,122109952
1562029061,122109952
1562029062,122109952
1562029063,122109952
1562029064,122109952
1562029065,122109952
1562029066,122109952
1562029067,122109952
1562029068,122109952
1562029069,122109952
1562029070,122109952
1562029071,122109952
1562029072,122109952
1562029073,122109952
1562029074,122109952
1562029075,122109952
1562029076,122109952
1562029077,122109952
1562029078,122109952
1562029079,122109952
1562029080,122109952
1562029081,122109952
1562029082,122109952
1562029083,122109952
1562029084,122109952
1562029085,122650624
1562029086,122650624
1562029087,122650624
1562029088,122650624
1562029089,122650624
1562029090,122650624
1562029091,122650624
1562029092,122650624
1562029093,122650624
1562029094,122650624
1562029095,122650624
1562029096,122650624
1562029097,122650624
1562029098,122650624
1562029099,122650624
1562029100,122650624
1562029101,122650624
1562029102,122650624
1562029103,122650624
1562029104,122650624
1562029105,122650624
1562029106,122650624
1562029107,122650624
1562029108,122650624
1562029109,122650624
1562029110,122650624
1562029111,122650624
1562029112,122650624
1562029113,122650624
1562029114,122650624
1562029115,122650624
1562029116,122650624
1562029117,122650624
1562029118,122650624
1562029119,122650624
1562029120,122650624
1562029121,122650624
1562029122,122650624
1562029123,122650624
1562029124,122650624
1562029125,122650624
1562029126,122650624
1562029127,122650624
1562029128,122650624
1562029129,122650624
1562029130,122650624
1562029131,122650624
1562029132,122650624
1562029133,122650624
1562029134,122650624
1562029135,122650624
1562029136,122650624
1562029137,122650624
1562029138,122650624
1562029139,122650624
1562029140,122650624
1562029141,122650624
1562029142,122650624
1562029143,122650624
1562029144,122650624
1562029145,122650624
1562029146,122650624
1562029147,122650624
1562029148,122650624
1562029149,122650624
1562029150,122650624
1562029151,122650624
1562029152,122650624
1562029153,122650624
1562029154,122650624
1562029155,122650624
1562029156,122650624
1562029157,122650624
1562029158,122650624
1562029159,122650624
1562029160,122650624
1562029161,122650624
1562029162,122650624
1562029163,122650624
1562029164,122650624
1562029165,122650624
1562029166,122650624
1562029167,122650624
1562029168,122650624
1562029169,122650624
1562029170,122650624
1562029171,122650624
1562029172,122650624
1562029173,122650624
1562029174,122650624
1562029175,122650624
1562029176,122650624
1562029177,122650624
1562029178,122650624
1562029179,122650624
1562029180,122650624
1562029181,122650624
1562029182,122650624
1562029183,122650624
1562029184,122650624
1562029185,122650624
1562029186,122650624
1562029187,122650624
1562029188,122650624
1562029189,122650624
1562029190,122650624
1562029191,122650624
1562029192,122650624
1562029193,122650624
1562029194,122650624
1562029195,122650624
1562029196,122650624
1562029197,122650624
1562029198,122650624
1562029199,122650624
1562029200,122650624
1562029201,122650624
1562029202,122650624
1562029203,122650624
1562029204,122650624
1562029205,122650624
1562029206,122650624
1562029207,122650624
1562029208,122650624
1562029209,122650624
1562029210,122650624
1562029211,122650624
1562029212,122650624
1562029213,122650624
1562029214,122650624
1562029215,122650624
1562029216,122650624
1562029217,122650624
1562029218,122650624
1562029219,122650624
1562029220,122650624
1562029221,122650624
1562029222,122650624
1562029223,122650624
1562029224,122650624
1562029225,122650624
1562029226,122650624
1562029227,122650624
1562029228,122650624
1562029229,122650624
1562029230,122650624
1562029231,122650624
1562029232,122650624
1562029233,122650624
1562029234,122650624
1562029235,122650624
1562029236,122650624
1562029237,122650624
1562029238,122650624
1562029239,122650624
1562029240,122650624
1562029241,122650624
1562029242,122650624
1562029243,122650624
1562029244,122650624
1562029245,122650624
1562029246,122650624
1562029247,122650624
1562029248,122650624
1562029249,122650624
1562029250,122650624
1562029251,122650624
1562029252,122650624
1562029253,122650624
1562029254,122650624
1562029255,122650624
1562029256,122650624
1562029257,122650624
1562029258,122650624
1562029259,122650624
1562029260,122650624
1562029261,122650624
1562029262,122650624
1562029263,122650624
1562029264,122650624
1562029265,122650624
1562029266,122650624
1562029267,122650624
1562029268,122650624
1562029269,122650624
1562029270,122650624
1562029271,122650624
1562029272,122650624
1562029273,122650624
1562029274,122650624
1562029275,122650624
1562029276,122650624
1562029277,122650624
1562029278,122650624
1562029279,122650624
1562029280,122650624
1562029281,122650624
1562029282,122650624
1562029283,122650624
1562029284,122650624
1562029285,122650624
1562029286,122650624
1562029287,122650624
1562029288,122650624
1562029289,122650624
1562029290,122650624
1562029291,122650624
1562029292,122650624
1562029293,122650624
1562029294,122650624
1562029295,122650624
1562029296,122650624
1562029297,122650624
1562029298,122650624
1562029299,122650624
1562029300,122650624
1562029301,122650624
1562029302,122650624
1562029303,122650624
1562029304,122650624
1562029305,122650624
1562029306,122650624
1562029307,122650624
1562029308,122650624
1562029309,122650624
1562029310,122650624
1562029311,122650624
1562029312,122650624
1562029313,122650624
1562029314,122650624
1562029315,122650624
1562029316,122650624
1562029317,122650624
1562029318,122650624
1562029319,122650624
1562029320,122650624
1562029321,122650624
1562029322,122650624
1562029323,122650624
1562029324,122650624
1562029325,122650624
1562029326,122650624
1562029327,122650624
1562029328,122650624
1562029329,122650624
1562029330,122650624
1562029331,122650624
1562029332,122650624
1562029333,122650624
1562029334,122650624
1562029335,122650624
1562029336,122650624
1562029337,122650624
1562029338,122650624
1562029339,122650624
1562029340,122650624
1562029341,122650624
1562029342,122650624
1562029343,122650624
1562029344,122650624
1562029345,122650624
1562029346,122650624
1562029347,122650624
1562029348,122650624
1562029349,122650624
1562029350,122650624
1562029351,122650624
1562029352,122650624
1562029353,122650624
1562029354,122650624
1562029355,122650624
1562029356,122650624
1562029357,122650624
1562029358,122650624
1562029359,122650624
1562029360,122650624
1562029361,122650624
1562029362,122650624
1562029363,122650624
1562029364,122650624
1562029365,122650624
1562029366,122650624
1562029367,122650624
1562029368,122650624
1562029369,122650624
1562029370,122650624
1562029371,122650624
1562029372,122650624
1562029373,122650624
1562029374,122650624
1562029375,122650624
1562029376,122650624
1562029377,122650624
1562029378,122650624
1562029379,122650624
1562029380,122650624
1562029381,122650624
1562029382,122650624
1562029383,122650624
1562029384,122650624
1562029385,122650624
1562029386,122650624
1562029387,122650624
1562029388,122650624
1562029389,122650624
1562029390,122650624
1562029391,122650624
1562029392,122650624
1562029393,122650624
1562029394,122650624
1562029395,122650624
1562029396,122650624
1562029397,122650624
1562029398,122650624
1562029399,122650624
1562029400,122650624
1562029401,122650624
1562029402,122650624
1562029403,122650624
1562029404,122650624
1562029405,122650624
1562029406,122650624
1562029407,122650624
1562029408,122650624
1562029409,122650624
1562029410,122650624
1562029411,122650624
1562029412,122650624
1562029413,122650624
1562029414,122650624
1562029415,122650624
1562029416,122650624
1562029417,122650624
1562029418,122650624
1562029419,122650624
1562029420,122650624
1562029421,122650624
1562029422,122650624
1562029423,122650624
1562029424,122650624
1562029425,122650624
1562029426,122650624
1562029427,122650624
1562029428,122650624
1562029429,122650624
1562029430,122650624
1562029431,122650624
1562029432,122650624
1562029433,122650624
1562029434,122650624
1562029435,122650624
1562029436,122650624
1562029437,122650624
1562029438,122650624
1562029439,122650624
1562029440,122650624
1562029441,122650624
1562029442,122650624
1562029443,122650624
1562029444,122650624
1562029445,122650624
1562029446,122650624
1562029447,122650624
1562029448,122650624
1562029449,122650624
1562029450,122650624
1562029451,122650624
1562029452,122650624
1562029453,122650624
1562029454,122650624
1562029455,122650624
1562029456,122650624
1562029457,122650624
1562029458,122650624
1562029459,122650624
1562029460,122650624
1562029461,122650624
1562029462,122650624
1562029463,122650624
1562029464,122650624
1562029465,122650624
1562029466,122650624
1562029467,122650624
1562029468,122650624
1562029469,122650624
1562029470,122650624
1562029471,122650624
1562029472,122650624
1562029473,122650624
1562029474,122650624
1562029475,122650624
1562029476,122650624
1562029477,122650624
1562029478,122650624
1562029479,122650624
1562029480,122650624
1562029481,122650624
1562029482,122650624
1562029483,122650624
1562029484,122650624
1562029485,122650624
1562029486,122650624
1562029487,122650624
1562029488,122650624
1562029489,122650624
1562029490,122650624
1562029491,122650624
1562029492,122650624
1562029493,122650624
1562029494,122650624
1562029495,122650624
1562029496,122650624
1562029497,122650624
1562029498,122650624
1562029499,122650624
1562029500,122650624
1562029501,122650624
1562029502,122650624
1562029503,122650624
1562029504,122650624
1562029505,122650624
1562029506,122650624
1562029507,122650624
1562029508,122650624
1562029509,122650624
1562029510,122650624
1562029511,122650624
1562029512,122650624
1562029513,122650624
1562029514,122650624
1562029515,122650624
1562029516,122650624
1562029517,122650624
1562029518,122650624
1562029519,122650624
1562029520,122650624
1562029521,122650624
1562029522,122650624
1562029523,122650624
1562029524,122650624
1562029525,122650624
1562029526,122650624
1562029527,122650624
1562029528,122650624
1562029529,122650624
1562029530,122650624
1562029531,122650624
1562029532,122650624
1562029533,122650624
1562029534,122650624
1562029535,122650624
1562029536,122650624
1562029537,122650624
1562029538,122650624
1562029539,122650624
1562029540,122650624
1562029541,122650624
1562029542,122650624
1562029543,122650624
1562029544,122650624
1562029545,122650624
1562029546,122650624
1562029547,122650624
1562029548,122650624
1562029549,122650624
1562029550,122650624
1562029551,122650624
1562029552,122650624
1562029553,122650624
1562029554,122650624
1562029555,122650624
1562029556,122650624
1562029557,122650624
1562029558,122650624
1562029559,122650624
1562029560,122650624
1562029561,122650624
1562029562,122650624
1562029563,122650624
1562029564,122650624
1562029565,122650624
1562029566,122650624
1562029567,122650624
1562029568,122650624
1562029569,122650624
1562029570,122650624
1562029571,122650624
1562029572,122650624
1562029573,122650624
1562029574,122650624
1562029575,122650624
1562029576,122650624
1562029577,122650624
1562029578,122650624
1562029579,122650624
1562029580,122650624
1562029581,122650624
1562029582,122650624
1562029583,122650624
1562029584,122650624
1562029585,122650624
1562029586,122650624
1562029587,122650624
1562029588,122650624
1562029589,122650624
1562029590,122650624
1562029591,122650624
1562029592,122650624
1562029593,122650624
1562029594,122650624
1562029595,122650624
1562029596,122650624
1562029597,122650624
1562029598,122650624
1562029599,122650624
1562029600,122650624
1562029601,122650624
1562029602,122650624
1562029603,122650624
1562029604,122650624
1562029605,122650624
1562029606,122650624
1562029607,122650624
1562029608,122650624
1562029609,122650624
1562029610,122650624
1562029611,122650624
1562029612,122650624
1562029613,122650624
1562029614,122650624
1562029615,122650624
1562029616,122650624
1562029617,122650624
1562029618,122650624
1562029619,122650624
1562029620,122650624
1562029621,122650624
1562029622,122650624
1562029623,122650624
1562029624,122650624
1562029625,122650624
1562029626,122650624
1562029627,122650624
1562029628,122650624
1562029629,122650624
1562029630,122650624
1562029631,122650624
1562029632,122650624
1562029633,122650624
1562029634,122650624
1562029635,122650624
1562029636,122650624
1562029637,122650624
1562029638,122650624
1562029639,122650624
1562029640,122650624
1562029641,122650624
1562029642,122650624
1562029643,122650624
1562029644,122650624
1562029645,122650624
1562029646,122650624
1562029647,122650624
1562029648,122650624
1562029649,122650624
1562029650,122650624
1562029651,122650624
1562029652,122650624
1562029653,122650624
1562029654,122650624
1562029655,122650624
1562029656,122650624
1562029657,122650624
1562029658,122650624
1562029659,122650624
1562029660,122650624
1562029661,122650624
1562029662,122650624
1562029663,122650624
1562029664,122650624
1562029665,122650624
1562029666,122650624
1562029667,122650624
1562029668,122650624
1562029669,122650624
1562029670,122650624
1562029671,122650624
1562029672,122650624
1562029673,122650624
1562029674,122650624
1562029675,122650624
1562029676,122650624
1562029677,122650624
1562029678,122650624
1562029679,122650624
1562029680,122650624
1562029681,122650624
1562029682,122650624
1562029683,122650624
1562029684,122650624
1562029685,122650624
1562029686,122650624
1562029687,122650624
1562029688,122650624
1562029689,122650624
1562029690,122650624
1562029691,122650624
1562029692,122650624
1562029693,122650624
1562029694,122650624
1562029695,122650624
1562029696,122650624
1562029697,122650624
1562029698,122650624
1562029699,122650624
1562029700,122650624
1562029701,122650624
1562029702,122650624
1562029703,122650624
1562029704,122650624
1562029705,122650624
1562029706,122650624
1562029707,122650624
1562029708,122650624
1562029709,122650624
1562029710,122650624
1562029711,122650624
1562029712,122650624
1562029713,122650624
1562029714,122650624
1562029715,122650624
1562029716,122650624
1562029717,122650624
1562029718,122650624
1562029719,122650624
1562029720,122650624
1562029721,122650624
1562029722,122650624
1562029723,122650624
1562029724,122650624
1562029725,122650624
1562029726,122650624
1562029727,122650624
1562029728,122650624
1562029729,122650624
1562029730,122650624
1562029731,122650624
1562029732,122650624
1562029733,122650624
1562029734,122650624
1562029735,122650624
1562029736,122650624
1562029737,122650624
1562029738,122650624
1562029739,122650624
1562029740,122650624
1562029741,122650624
1562029742,122650624
1562029743,122650624
1562029744,122650624
1562029745,122650624
1562029746,122650624
1562029747,122650624
1562029748,122650624
1562029749,122650624
1562029750,122650624
1562029751,122650624
1562029752,122650624
1562029753,122650624
1562029754,122650624
1562029755,122650624
1562029756,122650624
1562029757,122650624
1562029758,122650624
1562029759,122650624
1562029760,122650624
1562029761,122650624
1562029762,122650624
1562029763,122650624
1562029764,122650624
1562029765,122650624
1562029766,122650624
1562029767,122650624
1562029768,122650624
1562029769,122650624
1562029770,122650624
1562029771,122650624
1562029772,122650624
1562029773,122650624
1562029774,122650624
1562029775,122650624
1562029776,122650624
1562029777,122650624
1562029778,122650624
1562029779,122650624
1562029780,122650624
1562029781,122650624
1562029782,122650624
1562029783,122650624
1562029784,122650624
1562029785,122650624
1562029786,122650624
1562029787,122650624
1562029788,122650624
1562029789,122650624
1562029790,122650624
1562029791,122650624
1562029792,122650624
1562029793,122650624
1562029794,122650624
1562029795,122650624
1562029796,122650624
1562029797,122650624
1562029798,122650624
1562029799,122650624
1562029800,122650624
1562029801,122650624
1562029802,122650624
1562029803,122650624
1562029804,122650624
1562029805,122650624
1562029806,122650624
1562029807,122650624
1562029808,122650624
1562029809,122650624
1562029810,122650624
1562029811,122650624
1562029812,122650624
1562029813,122650624
1562029814,122650624
1562029815,122650624
1562029816,122650624
1562029817,122650624
1562029818,122650624
1562029819,122650624
1562029820,122650624
1562029821,122650624
1562029822,122650624
1562029823,122650624
1562029824,122650624
1562029825,122650624
1562029826,122650624
1562029827,122650624
1562029828,122650624
1562029829,122650624
1562029830,122650624
1562029831,122650624
1562029832,122650624
1562029833,122650624
1562029834,122650624
1562029835,122650624
1562029836,122650624
1562029837,122650624
1562029838,122650624
1562029839,122650624
1562029840,122650624
1562029841,122650624
1562029842,122650624
1562029843,122650624
1562029844,122650624
1562029845,122650624
1562029846,122650624
1562029847,122650624
1562029848,122650624
1562029849,122650624
1562029850,122650624
1562029851,122650624
1562029852,122650624
1562029853,122650624
1562029854,122650624
1562029855,122650624
1562029856,122650624
1562029857,122650624
1562029858,122650624
1562029859,122650624
1562029860,122650624
1562029861,122650624
1562029862,122650624
1562029863,122650624
1562029864,122650624
1562029865,122650624
1562029866,122650624
1562029867,122650624
1562029868,122650624
1562029869,122650624
1562029870,122650624
1562029871,122650624
1562029872,122650624
1562029873,122650624
1562029874,122650624
1562029875,122650624
1562029876,122650624
1562029877,122650624
1562029878,122650624
1562029879,122650624
1562029880,122650624
1562029881,122650624
1562029882,122650624
1562029883,122650624
1562029884,122650624
1562029885,122650624
1562029886,122650624
1562029887,122650624
1562029888,122650624
1562029889,122650624
1562029890,122650624
1562029891,122650624
1562029892,122650624
1562029893,122650624
1562029894,122650624
1562029895,122650624
1562029896,122650624
1562029897,122650624
1562029898,122650624
1562029899,122650624
1562029900,122650624
1562029901,122650624
1562029902,122650624
1562029903,122650624
1562029904,122650624
1562029905,122650624
1562029906,122650624
1562029907,122650624
1562029908,122650624
1562029909,122650624
1562029910,122650624
1562029911,122650624
1562029912,122650624
1562029913,122650624
1562029914,122650624
1562029915,122650624
1562029916,122650624
1562029917,122650624
1562029918,122650624
1562029919,122650624
1562029920,122650624
1562029921,122650624
1562029922,122650624
1562029923,122650624
1562029924,122650624
1562029925,122650624
1562029926,122650624
1562029927,122650624
1562029928,122650624
1562029929,122650624
1562029930,122650624
1562029931,122650624
1562029932,122650624
1562029933,122650624
1562029934,122650624
1562029935,122650624
1562029936,122650624
1562029937,122650624
1562029938,122650624
1562029939,122650624
1562029940,122650624
1562029941,122650624
1562029942,122650624
1562029943,122650624
1562029944,122650624
1562029945,122650624
1562029946,122650624
1562029947,122650624
1562029948,122650624
1562029949,122650624
1562029950,122650624
1562029951,122650624
1562029952,122650624
1562029953,122650624
1562029954,122650624
1562029955,122650624
1562029956,122650624
1562029957,122650624
1562029958,122650624
1562029959,122650624
1562029960,122650624
1562029961,122650624
1562029962,122650624
1562029964,122650624
1562029965,122650624
1562029966,122650624
1562029967,122650624
1562029968,122650624
1562029969,122650624
1562029970,122650624
1562029971,122650624
1562029972,122650624
1562029973,122650624
1562029974,122650624
1562029975,122650624
1562029976,122650624
1562029977,122650624
1562029978,122650624
1562029979,122650624
1562029980,122650624
1562029981,122650624
1562029982,122650624
1562029983,122650624
1562029984,122650624
1562029985,122650624
1562029986,122650624
1562029987,122650624
1562029988,122650624
1562029989,122650624
1562029990,122650624
1562029991,122650624
1562029992,122650624
1562029993,122650624
1562029994,122650624
1562029995,122650624
1562029996,122650624
1562029997,122650624
1562029998,122650624
1562029999,122650624
1562030000,122650624
1562030001,122650624
1562030002,122650624
1562030003,122650624
1562030004,122650624
1562030005,122650624
1562030006,122650624
1562030007,122650624
1562030008,122650624
1562030009,122650624
1562030010,122650624
1562030011,122650624
1562030012,122650624
1562030013,122650624
1562030014,122650624
1562030015,122650624
1562030016,122650624
1562030017,122650624
1562030018,122650624
1562030019,122650624
1562030020,122650624
1562030021,122650624
1562030022,122650624
1562030023,122650624
1562030024,122650624
1562030025,122650624
1562030026,122650624
1562030027,122650624
1562030028,122650624
1562030029,122650624
1562030030,122650624
1562030031,122650624
1562030032,122650624
1562030033,122650624
1562030034,122650624
1562030035,122650624
1562030036,122650624
1562030037,122650624
1562030038,122650624
1562030039,122650624
1562030040,122650624
1562030041,122650624
1562030042,122650624
1562030043,122650624
1562030044,122650624
1562030045,122650624
1562030046,122650624
1562030047,122650624
1562030048,122650624
1562030049,122650624
1562030050,122650624
1562030051,122650624
1562030052,122650624
1562030053,122650624
1562030054,122650624
1562030055,122650624
1562030056,122650624
1562030057,122650624
1562030058,122650624
1562030059,122650624
1562030060,122650624
1562030061,122650624
1562030062,122650624
1562030063,122650624
1562030064,122650624
1562030065,122650624
1562030066,122650624
1562030067,122650624
1562030068,122650624
1562030069,122650624
1562030070,122650624
1562030071,122650624
1562030072,122650624
1562030073,122650624
1562030074,122650624
1562030075,122650624
1562030076,122650624
1562030077,122650624
1562030078,122650624
1562030079,122650624
1562030080,122650624
1562030081,122650624
1562030082,122650624
1562030083,122650624
1562030084,122650624
1562030085,122650624
1562030086,122650624
1562030087,122650624
1562030088,122650624
1562030089,122650624
1562030090,122650624
1562030091,122650624
1562030092,122650624
1562030093,122650624
1562030094,122650624
1562030095,122650624
1562030096,122650624
1562030097,122650624
1562030098,122650624
1562030099,122650624
1562030100,122650624
1562030101,122650624
1562030102,122650624
1562030103,122650624
1562030104,122650624
1562030105,122650624
1562030106,122650624
1562030107,122650624
1562030108,122650624
1562030109,122650624
1562030110,122650624
1562030111,122650624
1562030112,122650624
1562030113,122650624
1562030114,122650624
1562030115,122650624
1562030116,122650624
1562030117,122650624
1562030118,122650624
1562030119,122650624
1562030120,122650624
1562030121,122650624
1562030122,122650624
1562030123,122650624
1562030124,122650624
1562030125,122650624
1562030126,122650624
1562030127,122650624
1562030128,122650624
1562030129,122650624
1562030130,122650624
1562030131,122650624
1562030132,122650624
1562030133,122650624
1562030134,122650624
1562030135,122650624
1562030136,122650624
1562030137,122650624
1562030138,122650624
1562030139,122650624
1562030140,122650624
1562030141,122650624
1562030142,122650624
1562030143,122650624
1562030144,122650624
1562030145,122650624
1562030146,122650624
1562030147,122650624
1562030148,122650624
1562030149,122650624
1562030150,122650624
1562030151,122650624
1562030152,122650624
1562030153,122650624
1562030154,122650624
1562030155,122650624
1562030156,122650624
1562030157,122650624
1562030158,122650624
1562030159,122650624
1562030160,122650624
1562030161,122650624
1562030162,122650624
1562030163,122650624
1562030164,122650624
1562030165,122650624
1562030166,122650624
1562030167,122650624
1562030168,122650624
1562030169,122650624
1562030170,122650624
1562030171,122650624
1562030172,122650624
1562030173,122650624
1562030174,122650624
1562030175,122650624
1562030176,122650624
1562030177,122650624
1562030178,122650624
1562030179,122650624
1562030180,122650624
1562030181,122650624
1562030182,122650624
1562030183,122650624
1562030184,122650624
1562030185,122650624
1562030186,122650624
1562030187,122650624
1562030188,122650624
1562030189,122650624
1562030190,122650624
1562030191,122650624
1562030192,122650624
1562030193,122650624
1562030194,122650624
1562030195,122650624
1562030196,122650624
1562030197,122650624
1562030198,122650624
1562030199,122650624
1562030200,122650624
1562030201,122650624
1562030202,122650624
1562030203,122650624
1562030204,122650624
1562030205,122650624
1562030206,122650624
1562030207,122650624
1562030208,122650624
1562030209,122650624
1562030210,122650624
1562030211,122650624
1562030212,122650624
1562030213,122650624
1562030214,122650624
1562030215,122650624
1562030216,122650624
1562030217,122650624
1562030218,122650624
1562030219,122650624
1562030220,122650624
1562030221,122650624
1562030222,122650624
1562030223,122650624
1562030224,122650624
1562030225,122650624
1562030226,122650624
1562030227,122650624
1562030228,122650624
1562030229,122650624
1562030230,122650624
1562030231,122650624
1562030232,122650624
1562030233,122650624
1562030234,122650624
1562030235,122650624
1562030236,122650624
1562030237,122650624
1562030238,122650624
1562030239,122650624
1562030240,122650624
1562030241,122650624
1562030242,122650624
1562030243,122650624
1562030244,122650624
1562030245,122650624
1562030246,122650624
1562030247,122650624
1562030248,122650624
1562030249,122650624
1562030250,122650624
1562030251,122650624
1562030252,122650624
1562030253,122650624
1562030254,122650624
1562030255,122650624
1562030256,122650624
1562030257,122650624
1562030258,122650624
1562030259,122650624
1562030260,122650624
1562030261,122650624
1562030262,122650624
1562030263,122650624
1562030264,122650624
1562030265,122650624
1562030266,122650624
1562030267,122650624
1562030268,122650624
1562030269,122650624
1562030270,122650624
1562030271,122650624
1562030272,122650624
1562030273,122650624
1562030274,122650624
1562030275,122650624
1562030276,122650624
1562030277,122650624
1562030278,122650624
1562030279,122650624
1562030280,122650624
1562030281,122650624
1562030282,122650624
1562030283,122650624
1562030284,122650624
1562030285,122650624
1562030286,122650624
1562030287,122650624
1562030288,122650624
1562030289,122650624
1562030290,122650624
1562030291,122650624
1562030292,122650624
1562030293,122650624
1562030294,122650624
1562030295,122650624
1562030296,122650624
1562030297,122650624
1562030298,122650624
1562030299,122650624
1562030300,122650624
1562030301,122650624
1562030302,122650624
1562030303,122650624
1562030304,122650624
1562030305,122650624
1562030306,122650624
1562030307,122650624
1562030308,122650624
1562030309,122650624
1562030310,122650624
1562030311,122650624
1562030312,122650624
1562030313,122650624
1562030314,122650624
1562030315,122650624
1562030316,122650624
1562030317,122650624
1562030318,122650624
1562030319,122650624
1562030320,122650624
1562030321,122650624
1562030322,122650624
1562030323,122650624
1562030324,122650624
1562030325,122650624
1562030326,122650624
1562030327,122650624
1562030328,122650624
1562030329,122650624
1562030330,122650624
1562030331,122650624
1562030332,122650624
1562030333,122650624
1562030334,122650624
1562030335,122650624
1562030336,122650624
1562030337,122650624
1562030338,122650624
1562030339,122650624
1562030340,122650624
1562030341,122650624
1562030342,122650624
1562030343,122650624
1562030344,122650624
1562030345,122650624
1562030346,122650624
1562030347,122650624
1562030348,122650624
1562030349,122650624
1562030350,122650624
1562030351,122650624
1562030352,122650624
1562030353,122650624
1562030354,122650624
1562030355,122650624
1562030356,122650624
1562030357,122650624
1562030358,122650624
1562030359,122650624
1562030360,122650624
1562030361,122650624
1562030362,122650624
1562030363,122650624
1562030364,122650624
1562030365,122650624
1562030366,122650624
1562030367,122650624
1562030368,122650624
1562030369,122650624
1562030370,122650624
1562030371,122650624
1562030372,122650624
1562030373,122650624
1562030374,122650624
1562030375,122650624
1562030376,122650624
1562030377,122650624
1562030378,122650624
1562030379,122650624
1562030380,122650624
1562030381,122650624
1562030382,122650624
1562030383,122650624
1562030384,122650624
1562030385,122650624
1562030386,122650624
1562030387,122650624
1562030388,122650624
1562030389,122650624
1562030390,122650624
1562030391,122650624
1562030392,122650624
1562030393,122650624
1562030394,122650624
1562030395,122650624
1562030396,122650624
1562030397,122650624
1562030398,122650624
1562030399,122650624
1562030400,122650624
1562030401,122650624
1562030402,122650624
1562030403,122650624
1562030404,122650624
1562030405,122650624
1562030406,122650624
1562030407,122650624
1562030408,122650624
1562030409,122650624
1562030410,122650624
1562030411,122650624
1562030412,122650624
1562030413,122650624
1562030414,122650624
1562030415,122650624
1562030416,122650624
1562030417,122650624
1562030418,122650624
1562030419,122650624
1562030420,122650624
1562030421,122650624
1562030422,122650624
1562030423,122650624
1562030424,122650624
1562030425,122650624
1562030426,122650624
1562030427,122650624
1562030428,122650624
1562030429,122650624
1562030430,122650624
1562030431,122650624
1562030432,122650624
1562030433,122650624
1562030434,122650624
1562030435,122650624
1562030436,122650624
1562030437,122650624
1562030438,122650624
1562030439,122650624
1562030440,122650624
1562030441,122650624
1562030442,122650624
1562030443,122650624
1562030444,122650624
1562030445,122650624
1562030446,122650624
1562030447,122650624
1562030448,122650624
1562030449,122650624
1562030450,122650624
1562030451,122650624
1562030452,122650624
1562030453,122650624
1562030454,122650624
1562030455,122650624
1562030456,122650624
1562030457,122650624
1562030458,122650624
1562030459,122650624
1562030460,122650624
1562030461,122650624
1562030462,122650624
1562030463,122650624
1562030464,122650624
1562030465,122650624
1562030466,122650624
1562030467,122650624
1562030468,122650624
1562030469,122650624
1562030470,122650624
1562030471,122650624
1562030472,122650624
1562030473,122650624
1562030474,122650624
1562030475,122650624
1562030476,122650624
1562030477,122650624
1562030478,122650624
1562030479,122650624
1562030480,122650624
1562030481,122650624
1562030482,122650624
1562030483,122650624
1562030484,122650624
1562030485,122650624
1562030486,122650624
1562030487,122650624
1562030488,122650624
1562030489,122650624
1562030490,122650624
1562030491,122650624
1562030492,122650624
1562030493,122650624
1562030494,122650624
1562030495,122650624
1562030496,122650624
1562030497,122650624
1562030498,122650624
1562030499,122650624
1562030500,122650624
1562030501,122650624
1562030502,122650624
1562030503,122650624
1562030504,122650624
1562030505,122650624
1562030506,122650624
1562030507,122650624
1562030508,122650624
1562030509,122650624
1562030510,122650624
1562030511,122650624
1562030512,122650624
1562030513,122650624
1562030514,122650624
1562030515,122650624
1562030516,122650624
1562030517,122650624
1562030518,122650624
1562030519,122650624
1562030520,122650624
1562030521,122650624
1562030522,122650624
1562030523,122650624
1562030524,122650624
1562030525,122650624
1562030526,122650624
1562030527,122650624
1562030528,122650624
1562030529,122650624
1562030530,122650624
1562030531,122650624
1562030532,122650624
1562030533,122650624
1562030534,122650624
1562030535,122650624
1562030536,122650624
1562030537,122650624
1562030538,122650624
1562030539,122650624
1562030540,122650624
1562030541,122650624
1562030542,122650624
1562030543,122650624
1562030544,122650624
1562030545,122650624
1562030546,122650624
1562030547,122650624
1562030548,122650624
1562030549,122650624
1562030550,122650624
1562030551,122650624
1562030552,122650624
1562030553,122650624
1562030554,122650624
1562030555,122650624
1562030556,122650624
1562030557,122650624
1562030558,122650624
1562030559,122650624
1562030560,122650624
1562030561,122650624
1562030562,122650624
1562030563,122650624
1562030564,122650624
1562030565,122650624
1562030566,122650624
1562030567,122650624
1562030568,122650624
1562030569,122650624
1562030570,122650624
1562030571,122650624
1562030572,122650624
1562030573,122650624
1562030574,122650624
1562030575,122650624
1562030576,122650624
1562030577,122650624
1562030578,122650624
1562030579,122650624
1562030580,122650624
1562030581,122650624
1562030582,122650624
1562030583,122650624
1562030584,122650624
1562030585,122650624
1562030586,122650624
1562030587,122650624
1562030588,122650624
1562030589,122650624
1562030590,122650624
1562030591,122650624
1562030592,122650624
1562030593,122650624
1562030594,122650624
1562030595,122650624
1562030596,122650624
1562030597,122650624
1562030598,122650624
1562030599,122650624
1562030600,122650624
1562030601,122650624
1562030602,122650624
1562030603,122650624
1562030604,122650624
1562030605,122650624
1562030606,122650624
1562030607,122650624
1562030608,122650624
1562030609,122650624
1562030610,122650624
1562030611,122650624
1562030612,122650624
1562030613,122650624
1562030614,122650624
1562030615,122650624
1562030616,122650624
1562030617,122650624
1562030618,122650624
1562030619,122650624
1562030620,122650624
1562030621,122650624
1562030622,122650624
1562030623,122650624
1562030624,122650624
1562030625,122650624
1562030626,122650624
1562030627,122650624
1562030628,122650624
1562030629,122650624
1562030630,122650624
1562030631,122650624
1562030632,122650624
1562030633,122650624
1562030634,122650624
1562030635,122650624
1562030636,122650624
1562030637,122650624
1562030638,122650624
1562030639,122650624
1562030640,122650624
1562030641,122650624
1562030642,122650624
1562030643,122650624
1562030644,122650624
1562030645,122650624
1562030646,122650624
1562030647,122650624
1562030648,122650624
1562030649,122650624
1562030650,122650624
1562030651,122650624
1562030652,122650624
1562030653,122650624
1562030654,122650624
1562030655,122650624
1562030656,122650624
1562030657,122650624
1562030658,122650624
1562030659,122650624
1562030660,122650624
1562030661,122650624
1562030662,122650624
1562030663,122650624
1562030664,122650624
1562030665,122650624
1562030666,122650624
1562030667,122650624
1562030668,122650624
1562030669,122429440
1562030670,122429440
1562030671,122429440
1562030672,122429440
1562030673,122429440
1562030674,122429440
1562030675,122429440
1562030676,122429440
1562030677,122429440
1562030678,122429440
1562030679,122429440
1562030680,122429440
1562030681,122429440
1562030682,122429440
1562030683,122429440
1562030684,122429440
1562030685,122429440
1562030686,122429440
1562030687,122429440
1562030688,122429440
1562030689,122429440
1562030690,122429440
1562030691,122429440
1562030692,122429440
1562030693,122429440
1562030694,122429440
1562030695,122429440
1562030696,122429440
1562030697,122429440
1562030698,122429440
1562030699,122429440
1562030700,122429440
1562030701,122429440
1562030702,122429440
1562030703,122429440
1562030704,122429440
1562030705,122429440
1562030706,122429440
1562030707,122429440
1562030708,122429440
1562030709,122429440
1562030710,122429440
1562030711,122429440
1562030712,122429440
1562030713,122429440
1562030714,122429440
1562030715,122429440
1562030716,122429440
1562030717,122429440
1562030718,122429440
1562030719,122429440
1562030720,122429440
1562030721,122429440
1562030722,122429440
1562030723,122429440
1562030724,122429440
1562030725,122429440
1562030726,122429440
1562030727,122429440
1562030728,122429440
1562030729,122429440
1562030730,122429440
1562030731,122429440
1562030732,122429440
1562030733,122429440
1562030734,122429440
1562030735,122429440
1562030736,122429440
1562030737,122429440
1562030738,122429440
1562030739,122429440
1562030740,122429440
1562030741,122429440
1562030742,122429440
1562030743,122429440
1562030744,122429440
1562030745,122429440
1562030746,122429440
1562030747,122429440
1562030748,122429440
1562030749,122429440
1562030750,122429440
1562030751,122429440
1562030752,122429440
1562030753,122429440
1562030754,122429440
1562030755,122429440
1562030756,122429440
1562030757,122429440
1562030758,122429440
1562030759,122429440
1562030760,122429440
1562030761,122429440
1562030762,122429440
1562030763,122429440
1562030764,122429440
1562030765,122429440
1562030766,122429440
1562030767,122429440
1562030768,122429440
1562030769,122429440
1562030770,122429440
1562030771,122429440
1562030772,122429440
1562030773,122429440
1562030774,122429440
1562030775,122429440
1562030776,122429440
1562030777,122429440
1562030778,122429440
1562030779,122429440
1562030780,122429440
1562030781,122429440
1562030782,122429440
1562030783,122429440
1562030784,122429440
1562030785,122429440
1562030786,122429440
1562030787,122429440
1562030788,122429440
1562030789,122429440
1562030790,122429440
1562030791,122429440
1562030792,122429440
1562030793,122429440
1562030794,122429440
1562030795,122429440
1562030796,122429440
1562030797,122429440
1562030798,122429440
1562030799,122429440
1562030800,122429440
1562030801,122429440
1562030802,122429440
1562030803,122429440
1562030804,122429440
1562030805,122429440
1562030806,122429440
1562030807,122429440
1562030808,122429440
1562030809,122429440
1562030810,122429440
1562030811,122429440
1562030812,122429440
1562030813,122429440
1562030814,122429440
1562030815,122429440
1562030816,122429440
1562030817,122429440
1562030818,122429440
1562030819,122429440
1562030820,122429440
1562030821,122429440
1562030822,122429440
1562030823,122429440
1562030824,122429440
1562030825,122429440
1562030826,122429440
1562030827,122429440
1562030828,122429440
1562030829,122429440
1562030830,122429440
1562030831,122429440
1562030832,122429440
1562030833,122429440
1562030834,122429440
1562030835,122429440
1562030836,122429440
1562030837,122429440
1562030838,122429440
1562030839,122429440
1562030840,122429440
1562030841,122429440
1562030842,122429440
1562030843,122429440
1562030844,122429440
1562030845,122429440
1562030846,122429440
1562030847,122429440
1562030848,122429440
1562030849,122429440
1562030850,122429440
1562030851,122429440
1562030852,122429440
1562030853,122429440
1562030854,122429440
1562030855,122429440
1562030856,122429440
1562030857,122429440
1562030858,122429440
1562030859,122429440
1562030860,122429440
1562030861,122429440
1562030862,122429440
1562030863,122429440
1562030864,122429440
1562030865,122429440
1562030866,122429440
1562030867,122429440
1562030868,122429440
1562030869,122429440
1562030870,122429440
1562030871,122429440
1562030872,122429440
1562030873,122429440
1562030874,122429440
1562030875,122429440
1562030876,122429440
1562030877,122429440
1562030878,122429440
1562030879,122429440
1562030880,122429440
1562030881,122429440
1562030882,122429440
1562030883,122429440
1562030884,122429440
1562030885,122429440
1562030886,122429440
1562030887,122429440
1562030888,122429440
1562030889,122429440
1562030890,122429440
1562030891,122429440
1562030892,122429440
1562030893,122429440
1562030894,122429440
1562030895,122429440
1562030896,122429440
1562030897,122429440
1562030898,122429440
1562030899,122429440
1562030900,122429440
1562030901,122429440
1562030902,122429440
1562030903,122429440
1562030904,122429440
1562030905,122429440
1562030906,122429440
1562030907,122429440
1562030908,122429440
1562030909,122429440
1562030910,122429440
1562030911,122429440
1562030912,122429440
1562030913,122429440
1562030914,122429440
1562030915,122429440
1562030916,122429440
1562030917,122429440
1562030918,122429440
1562030919,122429440
1562030920,122429440
1562030921,122429440
1562030922,122429440
1562030923,122429440
1562030924,122429440
1562030925,122429440
1562030926,122429440
1562030927,122429440
1562030928,122429440
1562030929,122429440
1562030930,122429440
1562030931,122429440
1562030932,122429440
1562030933,122429440
1562030934,122429440
1562030935,122429440
1562030936,122429440
1562030937,122429440
1562030938,122429440
1562030939,122429440
1562030940,122429440
1562030941,122429440
1562030942,122429440
1562030943,122429440
1562030944,122429440
1562030945,122429440
1562030946,122429440
1562030947,122429440
1562030948,122429440
1562030949,122429440
1562030950,122429440
1562030951,122429440
1562030952,122429440
1562030953,122429440
1562030954,122429440
1562030955,122429440
1562030956,122429440
1562030957,122429440
1562030958,122429440
1562030959,122429440
1562030960,122429440
1562030961,122429440
1562030962,122429440
1562030963,122429440
1562030964,122429440
1562030965,122429440
1562030966,122429440
1562030967,122429440
1562030968,122429440
1562030969,122429440
1562030970,122429440
1562030971,122429440
1562030972,122429440
1562030973,122429440
1562030974,122429440
1562030975,122429440
1562030976,122429440
1562030977,122429440
1562030978,122429440
1562030979,122429440
1562030980,122429440
1562030981,122429440
1562030982,122429440
1562030983,122429440
1562030984,122429440
1562030985,122429440
1562030986,122429440
1562030987,122429440
1562030988,122429440
1562030989,122429440
1562030990,122429440
1562030991,122429440
1562030992,122429440
1562030993,122429440
1562030994,122429440
1562030995,122429440
1562030996,122429440
1562030997,122429440
1562030998,122429440
1562030999,122429440
1562031000,122429440
1562031001,122429440
1562031002,122429440
1562031003,122429440
1562031004,122429440
1562031005,122429440
1562031006,122429440
1562031007,122429440
1562031008,122429440
1562031009,122429440
1562031010,122429440
1562031011,122429440
1562031012,122429440
1562031013,122429440
1562031014,122429440
1562031015,122429440
1562031016,122429440
1562031017,122429440
1562031018,122429440
1562031019,122429440
1562031020,122429440
1562031021,122429440
1562031022,122429440
1562031023,122429440
1562031024,122429440
1562031025,122429440
1562031026,122429440
1562031027,122429440
1562031028,122429440
1562031029,122429440
1562031030,122429440
1562031031,122429440
1562031032,122429440
1562031033,122429440
1562031034,122429440
1562031035,122429440
1562031036,122429440
1562031037,122429440
1562031038,122429440
1562031039,122429440
1562031040,122429440
1562031041,122429440
1562031042,122429440
1562031043,122429440
1562031044,122429440
1562031045,122429440
1562031046,122429440
1562031047,122429440
1562031048,122429440
1562031049,122429440
1562031050,122429440
1562031051,122429440
1562031052,122429440
1562031053,122429440
1562031054,122429440
1562031055,122429440
1562031056,122429440
1562031057,122429440
1562031058,122429440
1562031059,122429440
1562031060,122429440
1562031061,122429440
1562031062,122429440
1562031063,122429440
1562031064,122429440
1562031065,122429440
1562031066,122429440
1562031067,122429440
1562031068,122429440
1562031069,122429440
1562031070,122429440
1562031071,122429440
1562031072,122429440
1562031073,122429440
1562031074,122429440
1562031075,122429440
1562031076,122429440
1562031077,122429440
1562031078,122429440
1562031079,122429440
1562031080,122429440
1562031081,122429440
1562031082,122429440
1562031083,122429440
1562031084,122429440
1562031085,122429440
1562031086,122429440
1562031087,122429440
1562031088,122429440
1562031089,122429440
1562031090,122429440
1562031091,122429440
1562031092,122429440
1562031093,122429440
1562031094,122429440
1562031095,122429440
1562031096,122429440
1562031097,122429440
1562031098,122429440
1562031099,122429440
1562031100,122429440
1562031101,122429440
1562031102,122429440
1562031103,122429440
1562031104,122429440
1562031105,122429440
1562031106,122429440
1562031107,122429440
1562031108,122429440
1562031109,122429440
1562031110,122429440
1562031111,122429440
1562031112,122429440
1562031113,122429440
1562031114,122429440
1562031115,122429440
1562031116,122429440
1562031117,122429440
1562031118,122429440
1562031119,122429440
1562031120,122429440
1562031121,122429440
1562031122,122429440
1562031123,122429440
1562031124,122429440
1562031125,122429440
1562031126,122429440
1562031127,122429440
1562031128,122429440
1562031129,122429440
1562031130,122429440
1562031131,122429440
1562031132,122429440
1562031133,122429440
1562031134,122429440
1562031135,122429440
1562031136,122429440
1562031137,122429440
1562031138,122429440
1562031139,122429440
1562031140,122429440
1562031141,122429440
1562031142,122429440
1562031143,122429440
1562031144,122429440
1562031145,122429440
1562031146,122429440
1562031147,122429440
1562031148,122429440
1562031149,122429440
1562031150,122429440
1562031151,122429440
1562031152,122429440
1562031153,122429440
1562031154,122429440
1562031155,122429440
1562031156,122429440
1562031157,122429440
1562031158,122429440
1562031159,122429440
1562031160,122429440
1562031161,122429440
1562031162,122429440
1562031163,122429440
1562031164,122429440
1562031165,122429440
1562031166,122429440
1562031167,122429440
1562031168,122429440
1562031169,122429440
1562031170,122429440
1562031171,122429440
1562031172,122429440
1562031173,122429440
1562031174,122429440
1562031175,122429440
1562031176,122429440
1562031177,122429440
1562031178,122429440
1562031179,122429440
1562031180,122429440
1562031181,122429440
1562031182,122429440
1562031183,122429440
1562031184,122429440
1562031185,122429440
1562031186,122429440
1562031187,122429440
1562031188,122429440
1562031189,122429440
1562031190,122429440
1562031191,122429440
1562031192,122429440
1562031193,122429440
1562031194,122429440
1562031195,122429440
1562031196,122429440
1562031197,122429440
1562031198,122429440
1562031199,122429440
1562031200,122429440
1562031201,122429440
1562031202,122429440
1562031203,122429440
1562031204,122429440
1562031205,122429440
1562031206,122429440
1562031207,122429440
1562031208,122429440
1562031209,122429440
1562031210,122429440
1562031211,122429440
1562031212,122429440
1562031213,122429440
1562031214,122429440
1562031215,122429440
1562031216,122429440
1562031217,122429440
1562031218,122429440
1562031219,122429440
1562031220,122429440
1562031221,122429440
1562031222,122429440
1562031223,122429440
1562031224,122429440
1562031225,122429440
1562031226,122429440
1562031227,122429440
1562031228,122429440
1562031229,122429440
1562031230,122429440
1562031231,122429440
1562031232,122429440
1562031233,122429440
1562031234,122429440
1562031235,122429440
1562031236,122429440
1562031237,122429440
1562031238,122429440
1562031239,122429440
1562031240,122429440
1562031241,122429440
1562031242,122429440
1562031243,122429440
1562031244,122429440
1562031245,122429440
1562031246,122429440
1562031247,122429440
1562031248,122429440
1562031249,122429440
1562031250,122429440
1562031251,122429440
1562031252,122429440
1562031253,122429440
1562031254,122429440
1562031255,122429440
1562031256,122429440
1562031257,122429440
1562031258,122429440
1562031259,122429440
1562031260,122429440
1562031261,122429440
1562031262,122429440
1562031263,122429440
1562031264,122429440
1562031265,122429440
1562031266,122429440
1562031267,122429440
1562031268,122429440
1562031269,122159104
1562031270,122159104
1562031271,122159104
1562031272,122159104
1562031273,122159104
1562031274,122159104
1562031275,122159104
1562031276,122159104
1562031277,122159104
1562031278,122159104
1562031279,122159104
1562031280,122159104
1562031281,122159104
1562031282,122159104
1562031283,122159104
1562031284,122159104
1562031285,122159104
1562031286,122159104
1562031287,122159104
1562031288,122159104
1562031289,122159104
1562031290,122159104
1562031291,122159104
1562031292,122159104
1562031293,122159104
1562031294,122159104
1562031295,122159104
1562031296,122159104
1562031297,122159104
1562031298,122159104
1562031299,122159104
1562031300,122159104
1562031301,122159104
1562031302,122159104
1562031303,122159104
1562031304,122159104
1562031305,122159104
1562031306,122159104
1562031307,122159104
1562031308,122159104
1562031309,122159104
1562031310,122159104
1562031311,122159104
1562031312,122159104
1562031313,122159104
1562031314,122159104
1562031315,122159104
1562031316,122159104
1562031317,122159104
1562031318,122159104
1562031319,122159104
1562031320,122159104
1562031321,122159104
1562031322,122159104
1562031323,122159104
1562031324,122159104
1562031325,122159104
1562031326,122159104
1562031327,122159104
1562031328,122159104
1562031329,122159104
1562031330,122159104
1562031331,122159104
1562031332,122159104
1562031333,122159104
1562031334,122159104
1562031335,122159104
1562031336,122159104
1562031337,122159104
1562031338,122159104
1562031339,122159104
1562031340,122159104
1562031341,122159104
1562031342,122159104
1562031343,122159104
1562031344,122159104
1562031345,122159104
1562031346,122159104
1562031347,122159104
1562031348,122159104
1562031349,122159104
1562031350,122159104
1562031351,122159104
1562031352,122159104
1562031353,122159104
1562031354,122159104
1562031355,122159104
1562031356,122159104
1562031357,122159104
1562031358,122159104
1562031359,122159104
1562031360,122159104
1562031361,122159104
1562031362,122159104
1562031363,122159104
1562031364,122159104
1562031365,122159104
1562031366,122159104
1562031367,122159104
1562031368,122159104
1562031369,122159104
1562031370,122159104
1562031371,122159104
1562031372,122159104
1562031373,122159104
1562031374,122159104
1562031375,122159104
1562031376,122159104
1562031377,122159104
1562031393,122159104
1562031395,122159104
1562031396,122159104
1562031397,122159104
1562031398,122159104
1562031399,122159104
1562031400,122159104
1562031401,122159104
1562031402,122159104
1562031403,122159104
1562031404,122159104
1562031405,122159104
1562031406,122159104
1562031407,122159104
1562031408,122159104
1562031409,122159104
1562031410,122159104
1562031411,122159104
1562031412,122159104
1562031413,122159104
1562031414,122159104
1562031415,122159104
1562031416,122159104
1562031417,122159104
1562031418,122159104
1562031419,122159104
1562031420,122159104
1562031421,122159104
1562031422,122159104
1562031423,122159104
1562031424,122159104
1562031425,122159104
1562031426,122159104
1562031427,122159104
1562031428,122159104
1562031429,122159104
1562031430,122159104
1562031431,122159104
1562031432,122159104
1562031433,122159104
1562031434,122159104
1562031435,122159104
1562031436,122159104
1562031437,122159104
1562031438,122159104
1562031439,122159104
1562031440,122159104
1562031441,122159104
1562031442,122159104
1562031443,122159104
1562031444,122159104
1562031445,122159104
1562031446,122159104
1562031447,122159104
1562031448,122159104
1562031449,122159104
1562031450,122159104
1562031451,122159104
1562031452,122159104
1562031453,122159104
1562031454,122159104
1562031455,122159104
1562031456,122159104
1562031457,122159104
1562031458,122159104
1562031459,122159104
1562031460,122159104
1562031461,122159104
1562031462,122159104
1562031463,122159104
1562031464,122159104
1562031465,122159104
1562031466,122159104
1562031467,122159104
1562031468,122159104
1562031469,122159104
1562031470,122159104
1562031471,122159104
1562031472,122159104
1562031473,122159104
1562031474,122159104
1562031475,122159104
1562031476,122159104
1562031477,122159104
1562031478,122159104
1562031479,122159104
1562031480,122159104
1562031481,122159104
1562031482,122159104
1562031483,122159104
1562031484,122159104
1562031485,122159104
1562031486,122159104
1562031487,122159104
1562031488,122159104
1562031489,122159104
1562031490,122159104
1562031491,122159104
1562031492,122159104
1562031493,122159104
1562031494,122159104
1562031495,122159104
1562031496,122159104
1562031497,122159104
1562031498,122159104
1562031499,122159104
1562031500,122159104
1562031501,122159104
1562031502,122159104
1562031503,122159104
1562031504,122159104
1562031505,122159104
1562031506,122159104
1562031507,122159104
1562031508,122159104
1562031509,122159104
1562031510,122159104
1562031511,122159104
1562031512,122159104
1562031513,122159104
1562031514,122159104
1562031515,122159104
1562031516,122159104
1562031517,122159104
1562031518,122159104
1562031519,122159104
1562031520,122159104
1562031521,122159104
1562031522,122159104
1562031523,122159104
1562031524,122159104
1562031525,122159104
1562031526,122159104
1562031527,122159104
1562031528,122159104
1562031529,122159104
1562031530,122159104
1562031531,122159104
1562031532,122159104
1562031533,122159104
1562031534,122159104
1562031535,122159104
1562031536,122159104
1562031537,122159104
1562031538,122159104
1562031539,122159104
1562031540,122159104
1562031541,122159104
1562031542,122159104
1562031543,122159104
1562031544,122159104
1562031545,122159104
1562031546,122159104
1562031547,122159104
1562031548,122159104
1562031549,122159104
1562031550,122159104
1562031551,122159104
1562031552,122159104
1562031553,122159104
1562031554,122159104
1562031555,122159104
1562031556,122159104
1562031557,122159104
1562031558,122159104
1562031559,122159104
1562031560,122159104
1562031561,122159104
1562031562,122159104
1562031563,122159104
1562031564,122159104
1562031565,122159104
1562031566,122159104
1562031567,122159104
1562031568,122159104
1562031569,122159104
1562031570,122159104
1562031571,122159104
1562031572,122159104
1562031573,122159104
1562031574,122159104
1562031575,122159104
1562031576,122159104
1562031577,122159104
1562031578,122159104
1562031579,122159104
1562031580,122159104
1562031581,122159104
1562031582,122159104
1562031583,122159104
1562031584,122159104
1562031585,122159104
1562031586,122159104
1562031587,122159104
1562031588,122159104
1562031589,122159104
1562031590,122159104
1562031591,122159104
1562031592,122159104
1562031593,122159104
1562031594,122159104
1562031595,122159104
1562031596,122159104
1562031597,122159104
1562031598,122159104
1562031599,122159104
1562031600,122159104
1562031601,122159104
1562031602,122159104
1562031603,122159104
1562031604,122159104
1562031605,122159104
1562031606,122159104
1562031607,122159104
1562031608,122159104
1562031609,122159104
1562031610,122159104
1562031611,122159104
1562031612,122159104
1562031613,122159104
1562031614,122159104
1562031615,122159104
1562031616,122159104
1562031617,122159104
1562031618,122159104
1562031619,122159104
1562031620,122159104
1562031621,122159104
1562031622,122159104
1562031623,122159104
1562031624,122159104
1562031625,122159104
1562031626,122159104
1562031627,122159104
1562031628,122159104
1562031629,122159104
1562031630,122159104
1562031631,122159104
1562031632,122159104
1562031633,122159104
1562031634,122159104
1562031635,122159104
1562031636,122159104
1562031637,122159104
1562031638,122159104
1562031639,122699776
1562031640,122699776
1562031641,122699776
1562031642,122699776
1562031643,122699776
1562031644,122699776
1562031645,122699776
1562031646,122699776
1562031647,122699776
1562031648,122699776
1562031649,122699776
1562031650,122699776
1562031651,122699776
1562031652,122699776
1562031653,122699776
1562031654,122699776
1562031655,122699776
1562031656,122699776
1562031657,122699776
1562031658,122699776
1562031659,122699776
1562031660,122699776
1562031661,122699776
1562031662,122699776
1562031663,122699776
1562031664,122699776
1562031665,122699776
1562031666,122699776
1562031667,122699776
1562031668,122699776
1562031669,122699776
1562031670,122699776
1562031671,122699776
1562031672,122699776
1562031673,122699776
1562031674,122699776
1562031675,122699776
1562031676,122699776
1562031677,122699776
1562031678,122699776
1562031679,122699776
1562031680,122699776
1562031681,122699776
1562031682,122699776
1562031683,122699776
1562031684,122699776
1562031685,122699776
1562031686,122699776
1562031687,122699776
1562031688,122699776
1562031689,122699776
1562031690,122699776
1562031691,122699776
1562031692,122699776
1562031693,122699776
1562031694,122699776
1562031695,122699776
1562031696,122699776
1562031697,122699776
1562031698,122699776
1562031699,122699776
1562031700,122699776
1562031701,122699776
1562031702,122699776
1562031703,122699776
1562031704,122699776
1562031705,122699776
1562031706,122699776
1562031707,122699776
1562031708,122699776
1562031709,122699776
1562031710,122699776
1562031711,122699776
1562031712,122699776
1562031713,122699776
1562031714,122699776
1562031715,122699776
1562031716,122699776
1562031717,122699776
1562031718,122699776
1562031719,122699776
1562031720,122699776
1562031721,122699776
1562031722,122699776
1562031723,122699776
1562031724,122699776
1562031725,122699776
1562031726,122699776
1562031727,122699776
1562031728,122699776
1562031729,122699776
1562031730,122699776
1562031731,122699776
1562031732,122699776
1562031733,122699776
1562031734,122699776
1562031735,122699776
1562031736,122699776
1562031737,122699776
1562031738,122699776
1562031739,122699776
1562031740,122699776
1562031741,122699776
1562031742,122699776
1562031743,122699776
1562031744,122699776
1562031745,122699776
1562031746,122699776
1562031747,122699776
1562031748,122699776
1562031749,122699776
1562031750,122699776
1562031751,122699776
1562031752,122699776
1562031753,122699776
1562031754,122699776
1562031755,122699776
1562031756,122699776
1562031757,122699776
1562031758,122699776
1562031759,122699776
1562031760,122699776
1562031761,122699776
1562031762,122699776
1562031763,122699776
1562031764,122699776
1562031765,122699776
1562031766,122699776
1562031767,122699776
1562031768,122699776
1562031769,122699776
1562031770,122699776
1562031771,122699776
1562031772,122699776
1562031773,122699776
1562031774,122699776
1562031775,122699776
1562031776,122699776
1562031777,122699776
1562031778,122699776
1562031779,122699776
1562031780,122699776
1562031781,122699776
1562031782,122699776
1562031783,122699776
1562031784,122699776
1562031785,122699776
1562031786,122699776
1562031787,122699776
1562031788,122699776
1562031789,122699776
1562031790,122699776
1562031791,122699776
1562031792,122699776
1562031793,122699776
1562031794,122699776
1562031795,122699776
1562031796,122699776
1562031797,122699776
1562031798,122699776
1562031799,122699776
1562031800,122699776
1562031801,122699776
1562031802,122699776
1562031803,122699776
1562031804,122699776
1562031805,122699776
1562031806,122699776
1562031807,122699776
1562031808,122699776
1562031809,122699776
1562031810,122699776
1562031811,122699776
1562031812,122699776
1562031813,122699776
1562031814,122699776
1562031815,122699776
1562031816,122699776
1562031817,122699776
1562031818,122699776
1562031819,122699776
1562031820,122699776
1562031821,122699776
1562031822,122699776
1562031823,122699776
1562031824,122699776
1562031825,122699776
1562031826,122699776
1562031827,122699776
1562031828,122699776
1562031829,122699776
1562031830,122699776
1562031831,122699776
1562031832,122699776
1562031833,122699776
1562031834,122699776
1562031835,122699776
1562031836,122699776
1562031837,122699776
1562031838,122699776
1562031839,122699776
1562031840,122699776
1562031841,122699776
1562031842,122699776
1562031843,122699776
1562031844,122699776
1562031845,122699776
1562031846,122699776
1562031847,122699776
1562031848,122699776
1562031849,122699776
1562031850,122699776
1562031851,122699776
1562031852,122699776
1562031853,122699776
1562031854,122699776
1562031855,122699776
1562031856,122699776
1562031857,122699776
1562031858,122699776
1562031859,122699776
1562031860,122699776
1562031861,122699776
1562031862,122699776
1562031863,122699776
1562031864,122699776
1562031865,122699776
1562031866,122699776
1562031867,122699776
1562031868,122699776
1562031869,122699776
1562031870,122699776
1562031871,122699776
1562031872,122699776
1562031873,122699776
1562031874,122699776
1562031875,122699776
1562031876,122699776
1562031877,122699776
1562031878,122699776
1562031879,122699776
1562031880,122699776
1562031881,122699776
1562031882,122699776
1562031883,122699776
1562031884,122699776
1562031885,122699776
1562031887,122699776
1562031888,122699776
1562031889,122699776
1562031890,122699776
1562031891,122699776
1562031892,122699776
1562031893,122699776
1562031894,122699776
1562031895,122699776
1562031896,122699776
1562031897,122699776
1562031898,122699776
1562031899,122699776
1562031900,122699776
1562031901,122699776
1562031902,122699776
1562031903,122699776
1562031904,122699776
1562031905,122699776
1562031906,122699776
1562031907,122699776
1562031908,122699776
1562031909,122699776
1562031910,122699776
1562031911,122699776
1562031912,122699776
1562031913,122699776
1562031914,122699776
1562031915,122699776
1562031916,122699776
1562031917,122699776
1562031918,122699776
1562031919,122699776
1562031920,122699776
1562031921,122699776
1562031922,122699776
1562031923,122699776
1562031924,122699776
1562031925,122699776
1562031926,122699776
1562031927,122699776
1562031928,122699776
1562031929,122699776
1562031930,122699776
1562031931,122699776
1562031932,122699776
1562031933,122699776
1562031934,122699776
1562031935,122699776
1562031936,122699776
1562031937,122699776
1562031938,122699776
1562031939,122699776
1562031940,122699776
1562031941,122699776
1562031942,122699776
1562031943,122699776
1562031944,122699776
1562031945,122699776
1562031946,122699776
1562031947,122699776
1562031948,122699776
1562031949,122699776
1562031950,122699776
1562031951,122699776
1562031952,122699776
1562031953,122699776
1562031954,122699776
1562031955,122699776
1562031956,122699776
1562031957,122699776
1562031958,122699776
1562031959,122699776
1562031960,122699776
1562031961,122699776
1562031962,122699776
1562031963,122699776
1562031964,122699776
1562031965,122699776
1562031966,122699776
1562031967,122699776
1562031968,122699776
1562031969,122699776
1562031970,122699776
1562031971,122699776
1562031972,122699776
1562031973,122699776
1562031974,122699776
1562031975,122699776
1562031976,122699776
1562031977,122699776
1562031978,122699776
1562031979,122699776
1562031980,122699776
1562031981,122699776
1562031982,122699776
1562031983,122699776
1562031984,122699776
1562031985,122699776
1562031986,122699776
1562031987,122699776
1562031988,122699776
1562031989,122699776
1562031990,122699776
1562031991,122699776
1562031992,122699776
1562031993,122699776
1562031994,122699776
1562031995,122699776
1562031996,122699776
1562031997,122699776
1562031998,122699776
1562031999,122699776
1562032000,122699776
1562032001,122699776
1562032002,122699776
1562032003,122699776
1562032004,122699776
1562032005,122699776
1562032006,122699776
1562032007,122699776
1562032008,122699776
1562032009,122699776
1562032010,122699776
1562032011,122699776
1562032012,122699776
1562032013,122699776
1562032014,122699776
1562032015,122699776
1562032016,122699776
1562032017,122699776
1562032018,122699776
1562032019,122699776
1562032020,122699776
1562032021,122699776
1562032022,122699776
1562032023,122699776
1562032024,122699776
1562032025,122699776
1562032026,122699776
1562032027,122699776
1562032028,122699776
1562032029,122699776
1562032030,122699776
1562032031,122699776
1562032032,122699776
1562032033,122699776
1562032034,122699776
1562032035,122699776
1562032036,122699776
1562032037,122699776
1562032038,122699776
1562032039,122699776
1562032040,122699776
1562032041,122699776
1562032042,122699776
1562032043,122699776
1562032044,122699776
1562032045,122699776
1562032046,122699776
1562032047,122699776
1562032048,122699776
1562032049,122699776
1562032050,122699776
1562032051,122699776
1562032052,122699776
1562032053,122699776
1562032054,122699776
1562032055,122699776
1562032056,122699776
1562032057,122699776
1562032058,122699776
1562032059,122699776
1562032060,122699776
1562032061,122699776
1562032062,122699776
1562032063,122699776
1562032064,122699776
1562032065,122699776
1562032066,122699776
1562032067,122699776
1562032068,122699776
1562032069,122699776
1562032070,122699776
1562032071,122699776
1562032072,122699776
1562032073,122699776
1562032074,122699776
1562032075,122699776
1562032076,122699776
1562032077,122699776
1562032078,122699776
1562032079,122699776
1562032080,122699776
1562032081,122699776
1562032082,122699776
1562032083,122699776
1562032084,122699776
1562032085,122699776
1562032086,122699776
1562032087,122699776
1562032088,122699776
1562032089,122699776
1562032090,122699776
1562032091,122699776
1562032092,122699776
1562032093,122699776
1562032094,122699776
1562032095,122699776
1562032096,122699776
1562032097,122699776
1562032098,122699776
1562032099,122699776
1562032100,122699776
1562032101,122699776
1562032102,122699776
1562032103,122699776
1562032104,122699776
1562032105,122699776
1562032106,122699776
1562032107,122699776
1562032108,122699776
1562032109,122699776
1562032110,122699776
1562032111,122699776
1562032112,122699776
1562032113,122699776
1562032114,122699776
1562032115,122699776
1562032116,122699776
1562032117,122699776
1562032118,122699776
1562032119,122699776
1562032120,122699776
1562032121,122699776
1562032122,122699776
1562032123,122699776
1562032124,122699776
1562032125,122699776
1562032126,122699776
1562032127,122699776
1562032128,122699776
1562032129,122699776
1562032130,122699776
1562032131,122699776
1562032132,122699776
1562032133,122699776
1562032134,122699776
1562032135,122699776
1562032136,122699776
1562032137,122699776
1562032138,122699776
1562032139,122699776
1562032140,122699776
1562032141,122699776
1562032142,122699776
1562032143,122699776
1562032144,122699776
1562032145,122699776
1562032146,122699776
1562032147,122699776
1562032148,122699776
1562032149,122699776
1562032150,122699776
1562032151,122699776
1562032152,122699776
1562032153,122699776
1562032154,122699776
1562032155,122699776
1562032156,122699776
1562032157,122699776
1562032158,122699776
1562032159,122699776
1562032160,122699776
1562032161,122699776
1562032162,122699776
1562032163,122699776
1562032164,122699776
1562032165,122699776
1562032166,122699776
1562032167,122699776
1562032168,122699776
1562032169,122699776
1562032170,122699776
1562032171,122699776
1562032172,122699776
1562032173,122699776
1562032174,122699776
1562032175,122699776
1562032176,122699776
1562032177,122699776
1562032178,122699776
1562032179,122699776
1562032180,122699776
1562032181,122699776
1562032182,122699776
1562032183,122699776
1562032184,122699776
1562032185,122699776
1562032186,122699776
1562032187,122699776
1562032188,122699776
1562032189,122699776
1562032190,122699776
1562032191,122699776
1562032192,122699776
1562032193,122699776
1562032194,122699776
1562032195,122699776
1562032196,122699776
1562032197,122699776
1562032198,122699776
1562032199,122699776
1562032200,122699776
1562032201,122699776
1562032202,122699776
1562032203,122699776
1562032204,122699776
1562032205,122699776
1562032206,122699776
1562032207,122699776
1562032208,122699776
1562032209,122699776
1562032210,122699776
1562032211,122699776
1562032212,122699776
1562032213,122699776
1562032214,122699776
1562032215,122699776
1562032216,122699776
1562032217,122699776
1562032218,122699776
1562032219,122699776
1562032220,122699776
1562032221,122699776
1562032222,122699776
1562032223,122699776
1562032224,122699776
1562032225,122699776
1562032226,122699776
1562032227,122699776
1562032228,122699776
1562032229,122699776
1562032230,122699776
1562032231,122699776
1562032232,122699776
1562032233,122699776
1562032234,122699776
1562032235,122699776
1562032236,122699776
1562032237,122699776
1562032238,122699776
1562032239,122699776
1562032240,122699776
1562032241,122699776
1562032242,122699776
1562032243,122699776
1562032244,122699776
1562032245,122699776
1562032246,122699776
1562032247,122699776
1562032248,122699776
1562032249,122699776
1562032250,122699776
1562032251,122699776
1562032252,122699776
1562032253,122699776
1562032254,122699776
1562032255,122699776
1562032256,122699776
1562032257,122699776
1562032258,122699776
1562032259,122699776
1562032260,122699776
1562032261,122699776
1562032262,122699776
1562032263,122699776
1562032264,122699776
1562032265,122699776
1562032266,122699776
1562032267,122699776
1562032268,122699776
1562032269,122699776
1562032270,122699776
1562032271,122699776
1562032272,122699776
1562032273,122699776
1562032274,122699776
1562032275,122699776
1562032276,122699776
1562032277,122699776
1562032278,122699776
1562032279,122699776
1562032280,122699776
1562032281,122699776
1562032282,122699776
1562032283,122699776
1562032284,122699776
1562032285,122699776
1562032286,122699776
1562032287,122699776
1562032288,122699776
1562032289,122699776
1562032290,122699776
1562032291,122699776
1562032292,122699776
1562032293,122699776
1562032294,122699776
1562032295,122699776
1562032296,122699776
1562032297,122699776
1562032298,122699776
1562032299,122699776
1562032300,122699776
1562032301,122699776
1562032302,122699776
1562032303,122699776
1562032304,122699776
1562032305,122699776
1562032306,122699776
1562032307,122699776
1562032308,122699776
1562032309,122699776
1562032310,122699776
1562032311,122699776
1562032312,122699776
1562032313,122699776
1562032314,122699776
1562032315,122699776
1562032316,122699776
1562032317,122699776
1562032318,122699776
1562032319,122699776
1562032320,122699776
1562032321,122699776
1562032322,122699776
1562032323,122699776
1562032324,122699776
1562032325,122699776
1562032326,122699776
1562032327,122699776
1562032328,122699776
1562032329,122699776
1562032330,122699776
1562032331,122699776
1562032332,122699776
1562032333,122699776
1562032334,122699776
1562032335,122699776
1562032336,122699776
1562032337,122699776
1562032338,122699776
1562032339,122699776
1562032340,122699776
1562032341,122699776
1562032342,122699776
1562032343,122699776
1562032344,122699776
1562032345,122699776
1562032346,122699776
1562032347,122699776
1562032348,122699776
1562032349,122699776
1562032350,122699776
1562032351,122699776
1562032352,122699776
1562032353,122699776
1562032354,122699776
1562032355,122699776
1562032356,122699776
1562032357,122699776
1562032358,122699776
1562032359,122699776
1562032360,122699776
1562032361,122699776
1562032362,122699776
1562032363,122699776
1562032364,122699776
1562032365,122699776
1562032366,122699776
1562032367,122699776
1562032368,122699776
1562032369,122699776
1562032370,122699776
1562032371,122699776
1562032372,122699776
1562032373,122699776
1562032374,122699776
1562032375,122699776
1562032376,122699776
1562032377,122699776
1562032378,122699776
1562032379,122699776
1562032380,122699776
1562032381,122699776
1562032382,122699776
1562032383,122699776
1562032384,122699776
1562032385,122699776
1562032386,122699776
1562032387,122699776
1562032388,122699776
1562032389,122699776
1562032390,122699776
1562032391,122699776
1562032392,122699776
1562032393,122699776
1562032394,122699776
1562032395,122699776
1562032396,122699776
1562032397,122699776
1562032398,122699776
1562032399,122699776
1562032400,122699776
1562032401,122699776
1562032402,122699776
1562032403,122699776
1562032404,122699776
1562032405,122699776
1562032406,122699776
1562032407,122699776
1562032408,122699776
1562032409,122699776
1562032410,122699776
1562032411,122699776
1562032412,122699776
1562032413,122699776
1562032414,122699776
1562032415,122699776
1562032416,122699776
1562032417,122699776
1562032418,122699776
1562032419,122699776
1562032420,122699776
1562032421,122699776
1562032422,122699776
1562032423,122699776
1562032424,122699776
1562032425,122699776
1562032426,122699776
1562032427,122699776
1562032428,122699776
1562032429,122699776
1562032430,122699776
1562032431,122699776
1562032432,122699776
1562032433,122699776
1562032434,122699776
1562032435,122699776
1562032436,122699776
1562032437,122699776
1562032438,122699776
1562032439,122699776
1562032440,122699776
1562032441,122699776
1562032442,122699776
1562032443,122699776
1562032444,122699776
1562032445,122699776
1562032446,122699776
1562032447,122699776
1562032448,122699776
1562032449,122699776
1562032450,122699776
1562032451,122699776
1562032452,122699776
1562032453,122699776
1562032454,122699776
1562032455,122699776
1562032456,122699776
1562032457,122699776
1562032458,122699776
1562032459,122699776
1562032460,122699776
1562032461,122699776
1562032462,122699776
1562032463,122699776
1562032464,122699776
1562032465,122699776
1562032466,122699776
1562032467,122699776
1562032468,122699776
1562032469,122699776
1562032470,122699776
1562032471,122699776
1562032472,122699776
1562032473,122699776
1562032474,122699776
1562032475,122699776
1562032476,122699776
1562032477,122699776
1562032478,122699776
1562032479,122699776
1562032480,122699776
1562032481,122699776
1562032482,122699776
1562032483,122699776
1562032484,122699776
1562032485,122699776
1562032486,122699776
1562032487,122699776
1562032488,122699776
1562032489,122699776
1562032490,122699776
1562032491,122699776
1562032492,122699776
1562032493,122699776
1562032494,122699776
1562032495,122699776
1562032496,122699776
1562032497,122699776
1562032498,122699776
1562032499,122699776
1562032500,122699776
1562032501,122699776
1562032502,122699776
1562032503,122699776
1562032504,122699776
1562032505,122699776
1562032506,122699776
1562032507,122699776
1562032508,122699776
1562032509,122699776
1562032510,122699776
1562032511,122699776
1562032512,122699776
1562032513,122699776
1562032514,122699776
1562032515,122699776
1562032516,122699776
1562032517,122699776
1562032518,122699776
1562032519,122699776
1562032520,122699776
1562032521,122699776
1562032522,122699776
1562032523,122699776
1562032524,122699776
1562032525,122699776
1562032526,122699776
1562032527,122699776
1562032528,122699776
1562032529,122699776
1562032530,122699776
1562032531,122699776
1562032532,122699776
1562032533,122699776
1562032534,122699776
1562032535,122699776
1562032536,122699776
1562032537,122699776
1562032538,122699776
1562032539,122699776
1562032540,122699776
1562032541,122699776
1562032542,122699776
1562032543,122699776
1562032544,122699776
1562032545,122699776
1562032546,122699776
1562032547,122699776
1562032548,122699776
1562032549,122699776
1562032550,122699776
1562032551,122699776
1562032552,122699776
1562032553,122699776
1562032554,122699776
1562032555,122699776
1562032556,122699776
1562032557,122699776
1562032558,122699776
1562032559,122699776
1562032560,122699776
1562032561,122699776
1562032562,122699776
1562032563,122699776
1562032564,122699776
1562032565,122699776
1562032566,122699776
1562032567,122699776
1562032568,122699776
1562032569,122699776
1562032570,122699776
1562032571,122699776
1562032572,122699776
1562032573,122699776
1562032574,122699776
1562032575,122699776
1562032576,122699776
1562032577,122699776
1562032578,122699776
1562032579,122699776
1562032580,122699776
1562032581,122699776
1562032582,122699776
1562032583,122699776
1562032584,122699776
1562032585,122699776
1562032586,122699776
1562032587,122699776
1562032588,122699776
1562032589,122699776
1562032590,122699776
1562032591,122699776
1562032592,122699776
1562032593,122699776
1562032594,122699776
1562032595,122699776
1562032596,122699776
1562032597,122699776
1562032598,122699776
1562032599,122699776
1562032600,122699776
1562032601,122699776
1562032602,122699776
1562032603,122699776
1562032604,122699776
1562032605,122699776
1562032606,122699776
1562032607,122699776
1562032608,122699776
1562032609,122699776
1562032610,122699776
1562032611,122699776
1562032612,122699776
1562032613,122699776
1562032614,122699776
1562032615,122699776
1562032616,122699776
1562032617,122699776
1562032618,122699776
1562032619,122699776
1562032620,122699776
1562032621,122699776
1562032622,122699776
1562032623,122699776
1562032624,122699776
1562032625,122699776
1562032626,122699776
1562032627,122699776
1562032628,122699776
1562032629,122699776
1562032630,122699776
1562032631,122699776
1562032632,122699776
1562032633,122699776
1562032634,122699776
1562032635,122699776
1562032636,122699776
1562032637,122699776
1562032638,122699776
1562032639,122699776
1562032640,122699776
1562032641,122699776
1562032642,122699776
1562032643,122699776
1562032644,122699776
1562032645,122699776
1562032646,122699776
1562032647,122699776
1562032648,122699776
1562032649,122699776
1562032650,122699776
1562032651,122699776
1562032652,122699776
1562032653,122699776
1562032654,122699776
1562032655,122699776
1562032656,122699776
1562032657,122699776
1562032658,122699776
1562032659,122699776
1562032660,122699776
1562032661,122699776
1562032662,122699776
1562032663,122699776
1562032664,122699776
1562032665,122699776
1562032666,122699776
1562032667,122699776
1562032668,122699776
1562032669,122699776
1562032670,122699776
1562032671,122699776
1562032672,122699776
1562032673,122699776
1562032674,122699776
1562032675,122699776
1562032676,122699776
1562032677,122699776
1562032678,122699776
1562032679,122699776
1562032680,122699776
1562032681,122699776
1562032682,122699776
1562032683,122699776
1562032684,122699776
1562032685,122699776
1562032686,122699776
1562032687,122699776
1562032688,122699776
1562032689,122699776
1562032690,122699776
1562032691,122699776
1562032692,122699776
1562032693,122699776
1562032694,122699776
1562032695,122699776
1562032696,122699776
1562032697,122699776
1562032698,122699776
1562032699,122699776
1562032700,122699776
1562032701,122699776
1562032702,122699776
1562032703,122699776
1562032704,122699776
1562032705,122699776
1562032706,122699776
1562032707,122699776
1562032708,122699776
1562032709,122699776
1562032710,122699776
1562032711,122699776
1562032712,122699776
1562032713,122699776
1562032714,122699776
1562032715,122699776
1562032716,122699776
1562032717,122699776
1562032718,122699776
1562032719,122699776
1562032720,122699776
1562032721,122699776
1562032722,122699776
1562032723,122699776
1562032724,122699776
1562032725,122699776
1562032726,122699776
1562032727,122699776
1562032728,122699776
1562032729,122699776
1562032730,122699776
1562032731,122699776
1562032732,122699776
1562032733,122699776
1562032734,122699776
1562032735,122699776
1562032736,122699776
1562032737,122699776
1562032738,122699776
1562032739,122699776
1562032740,122699776
1562032741,122699776
1562032742,122699776
1562032743,122699776
1562032744,122699776
1562032745,122699776
1562032746,122699776
1562032747,122699776
1562032748,122699776
1562032749,122699776
1562032750,122699776
1562032751,122699776
1562032752,122699776
1562032753,122699776
1562032754,122699776
1562032755,122699776
1562032756,122699776
1562032757,122699776
1562032758,122699776
1562032759,122699776
1562032760,122699776
1562032761,122699776
1562032762,122699776
1562032763,122699776
1562032764,122699776
1562032765,122699776
1562032766,122699776
1562032767,122699776
1562032768,122699776
1562032769,122699776
1562032770,122699776
1562032771,122699776
1562032772,122699776
1562032773,122699776
1562032774,122699776
1562032775,122699776
1562032776,122699776
1562032777,122699776
1562032778,122699776
1562032779,122699776
1562032780,122699776
1562032781,122699776
1562032782,122699776
1562032783,122699776
1562032784,122699776
1562032785,122699776
1562032786,122699776
1562032787,122699776
1562032788,122699776
1562032789,122699776
1562032790,122699776
1562032791,122699776
1562032792,122699776
1562032793,122699776
1562032794,122699776
1562032795,122699776
1562032796,122699776
1562032797,122699776
1562032798,122699776
1562032799,122699776
1562032800,122699776
1562032801,122699776
1562032802,122699776
1562032803,122699776
1562032804,122699776
1562032805,122699776
1562032806,122699776
1562032807,122699776
1562032808,122699776
1562032809,122699776
1562032810,122699776
1562032811,122699776
1562032812,122699776
1562032813,122699776
1562032814,122699776
1562032815,122699776
1562032816,122699776
1562032817,122699776
1562032818,122699776
1562032819,122699776
1562032820,122699776
1562032821,122699776
1562032822,122699776
1562032823,122699776
1562032824,122699776
1562032825,122699776
1562032826,122699776
1562032827,122699776
1562032828,122699776
1562032829,122699776
1562032830,122699776
1562032831,122699776
1562032832,122699776
1562032833,122699776
1562032834,122699776
1562032835,122699776
1562032836,122699776
1562032837,122699776
1562032838,122699776
1562032839,122699776
1562032840,122699776
1562032841,122699776
1562032842,122699776
1562032843,122699776
1562032844,122699776
1562032845,122699776
1562032846,122699776
1562032847,122699776
1562032848,122699776
1562032849,122699776
1562032850,122699776
1562032851,122699776
1562032852,122699776
1562032853,122699776
1562032854,122699776
1562032855,122699776
1562032856,122699776
1562032857,122699776
1562032858,122699776
1562032859,122699776
1562032860,122699776
1562032861,122699776
1562032862,122699776
1562032863,122699776
1562032864,122699776
1562032865,122699776
1562032866,122699776
1562032867,122699776
1562032868,122699776
1562032869,122699776
1562032870,122699776
1562032871,122699776
1562032872,122699776
1562032873,122699776
1562032874,122699776
1562032875,122699776
1562032876,122699776
1562032877,122699776
1562032878,122699776
1562032879,122699776
1562032880,122699776
1562032881,122699776
1562032882,122699776
1562032883,122699776
1562032884,122699776
1562032885,122699776
1562032886,122699776
1562032887,122699776
1562032888,122699776
1562032889,122699776
1562032890,122699776
1562032891,122699776
1562032892,122699776
1562032893,122699776
1562032894,122699776
1562032895,122699776
1562032896,122699776
1562032897,122699776
1562032898,122699776
1562032899,122699776
1562032900,122699776
1562032901,122699776
1562032902,122699776
1562032903,122699776
1562032904,122699776
1562032905,122699776
1562032906,122699776
1562032907,122699776
1562032908,122699776
1562032909,122699776
1562032910,122699776
1562032911,122699776
1562032912,122699776
1562032913,122699776
1562032914,122699776
1562032915,122699776
1562032916,122699776
1562032917,122699776
1562032918,122699776
1562032919,122699776
1562032920,122699776
1562032921,122699776
1562032922,122699776
1562032923,122699776
1562032924,122699776
1562032925,122699776
1562032926,122699776
1562032927,122699776
1562032928,122699776
1562032929,122699776
1562032930,122699776
1562032931,122699776
1562032932,122699776
1562032933,122699776
1562032934,122699776
1562032935,122699776
1562032936,122699776
1562032937,122699776
1562032938,122699776
1562032939,122699776
1562032940,122699776
1562032941,122699776
1562032942,122699776
1562032943,122699776
1562032944,122699776
1562032945,122699776
1562032946,122699776
1562032947,122699776
1562032948,122699776
1562032949,122699776
1562032950,122699776
1562032951,122699776
1562032952,122699776
1562032953,122699776
1562032954,122699776
1562032955,122699776
1562032956,122699776
1562032957,122699776
1562032958,122699776
1562032959,122699776
1562032960,122699776
1562032961,122699776
1562032962,122699776
1562032963,122699776
1562032964,122699776
1562032965,122699776
1562032966,122699776
1562032967,122699776
1562032968,122699776
1562032969,122699776
1562032970,122699776
1562032971,122699776
1562032972,122699776
1562032973,122699776
1562032974,122699776
1562032975,122699776
1562032976,122699776
1562032977,122699776
1562032978,122699776
1562032979,122699776
1562032980,122699776
1562032981,122699776
1562032982,122699776
1562032983,122699776
1562032984,122699776
1562032985,122699776
1562032986,122699776
1562032987,122699776
1562032988,122699776
1562032989,122699776
1562032990,122699776
1562032991,122699776
1562032992,122699776
1562032993,122699776
1562032994,122699776
1562032995,122699776
1562032996,122699776
1562032997,122699776
1562032998,122699776
1562032999,122699776
1562033000,122699776
1562033001,122699776
1562033002,122699776
1562033003,122699776
1562033004,122699776
1562033005,122699776
1562033006,122699776
1562033007,122699776
1562033008,122699776
1562033009,122699776
1562033010,122699776
1562033011,122699776
1562033012,122699776
1562033013,122699776
1562033014,122699776
1562033015,122699776
1562033016,122699776
1562033017,122699776
1562033018,122699776
1562033019,122699776
1562033020,122699776
1562033021,122699776
1562033022,122699776
1562033023,122699776
1562033024,122699776
1562033025,122699776
1562033026,122699776
1562033027,122699776
1562033028,122699776
1562033029,122699776
1562033030,122699776
1562033031,122699776
1562033032,122699776
1562033033,122699776
1562033034,122699776
1562033035,122699776
1562033036,122699776
1562033037,122699776
1562033038,122699776
1562033039,122699776
1562033040,122699776
1562033041,122699776
1562033042,122699776
1562033043,122699776
1562033044,122699776
1562033045,122699776
1562033046,122699776
1562033047,122699776
1562033048,122699776
1562033049,122699776
1562033050,122699776
1562033051,122699776
1562033052,122699776
1562033053,122699776
1562033054,122699776
1562033055,122699776
1562033056,122699776
1562033057,122699776
1562033058,122699776
1562033059,122699776
1562033060,122699776
1562033061,122699776
1562033062,122699776
1562033063,122699776
1562033064,122699776
1562033065,122699776
1562033066,122699776
1562033067,122699776
1562033068,122699776
1562033069,122699776
1562033070,122699776
1562033071,122699776
1562033072,122699776
1562033073,122699776
1562033074,122699776
1562033075,122699776
1562033076,122699776
1562033077,122699776
1562033078,122699776
1562033079,122699776
1562033080,122699776
1562033081,122699776
1562033082,122699776
1562033083,122699776
1562033084,122699776
1562033085,122699776
1562033086,122699776
1562033087,122699776
1562033088,122699776
1562033089,122699776
1562033090,122699776
1562033091,122699776
1562033092,122699776
1562033093,122699776
1562033094,122699776
1562033095,122699776
1562033096,122699776
1562033097,122699776
1562033098,122699776
1562033099,122699776
1562033100,122699776
1562033101,122699776
1562033102,122699776
1562033103,122699776
1562033104,122699776
1562033105,122699776
1562033106,122699776
1562033107,122699776
1562033108,122699776
1562033109,122699776
1562033110,122699776
1562033111,122699776
1562033112,122699776
1562033113,122699776
1562033114,122699776
1562033115,122699776
1562033116,122699776
1562033117,122699776
1562033118,122699776
1562033119,122699776
1562033120,122699776
1562033121,122699776
1562033122,122699776
1562033123,122699776
1562033124,122699776
1562033125,122699776
1562033126,122699776
1562033127,122699776
1562033128,122699776
1562033129,122699776
1562033130,122699776
1562033131,122699776
1562033132,122699776
1562033133,122699776
1562033134,122699776
1562033135,122699776
1562033136,122699776
1562033137,122699776
1562033138,122699776
1562033139,122699776
1562033140,122699776
1562033141,122699776
1562033142,122699776
1562033143,122699776
1562033144,122699776
1562033145,122699776
1562033146,122699776
1562033147,122699776
1562033148,122699776
1562033149,122699776
1562033150,122699776
1562033151,122699776
1562033152,122699776
1562033153,122699776
1562033154,122699776
1562033155,122699776
1562033156,122699776
1562033157,122699776
1562033158,122699776
1562033159,122699776
1562033160,122699776
1562033161,122699776
1562033162,122699776
1562033163,122699776
1562033164,122699776
1562033165,122699776
1562033166,122699776
1562033167,122699776
1562033168,122699776
1562033169,122699776
1562033170,122699776
1562033171,122699776
1562033172,122699776
1562033173,122699776
1562033174,122699776
1562033175,122699776
1562033176,122699776
1562033177,122699776
1562033178,122699776
1562033179,122699776
1562033180,122699776
1562033181,122699776
1562033182,122699776
1562033183,122699776
1562033184,122699776
1562033185,122699776
1562033186,122699776
1562033187,122699776
1562033188,122699776
1562033189,122699776
1562033190,122699776
1562033191,122699776
1562033192,122699776
1562033193,122699776
1562033194,122699776
1562033195,122699776
1562033196,122699776
1562033197,122699776
1562033198,122699776
1562033199,122699776
1562033200,122699776
1562033201,122699776
1562033202,122699776
1562033203,122699776
1562033204,122699776
1562033205,122699776
1562033206,122699776
1562033207,122699776
1562033208,122699776
1562033209,122699776
1562033210,122699776
1562033211,122699776
1562033212,122699776
1562033213,122699776
1562033214,122699776
1562033215,122699776
1562033216,122699776
1562033217,122699776
1562033218,122699776
1562033219,122699776
1562033220,122699776
1562033221,122699776
1562033222,122699776
1562033223,122699776
1562033224,122699776
1562033225,122699776
1562033226,122699776
1562033227,122699776
1562033228,122699776
1562033229,122699776
1562033230,122699776
1562033231,122699776
1562033232,122699776
1562033233,122699776
1562033234,122699776
1562033235,122699776
1562033236,122699776
1562033237,122699776
1562033238,122699776
1562033239,122699776
1562033240,122699776
1562033241,122699776
1562033242,122699776
1562033243,122699776
1562033244,122699776
1562033245,122699776
1562033246,122699776
1562033247,122699776
1562033248,122699776
1562033249,122699776
1562033250,122699776
1562033251,122699776
1562033252,122699776
1562033253,122699776
1562033254,122699776
1562033255,122699776
1562033256,122699776
1562033257,122699776
1562033258,122699776
1562033259,122699776
1562033260,122699776
1562033261,122699776
1562033262,122699776
1562033263,122699776
1562033264,122699776
1562033265,122699776
1562033266,122699776
1562033267,122699776
1562033268,122699776
1562033269,122699776
1562033270,122699776
1562033271,122699776
1562033272,122699776
1562033273,122699776
1562033274,122699776
1562033275,122699776
1562033276,122699776
1562033277,122699776
1562033278,122699776
1562033279,122699776
1562033280,122699776
1562033281,122699776
1562033282,122699776
1562033283,122699776
1562033284,122699776
1562033285,122699776
1562033286,122699776
1562033287,122699776
1562033288,122699776
1562033289,122699776
1562033290,122699776
1562033291,122699776
1562033292,122699776
1562033293,122699776
1562033294,122699776
1562033295,122699776
1562033296,122699776
1562033297,122699776
1562033298,122699776
1562033299,122699776
1562033300,122699776
1562033301,122699776
1562033302,122699776
1562033303,122699776
1562033304,122699776
1562033305,122699776
1562033306,122699776
1562033307,122699776
1562033308,122699776
1562033309,122699776
1562033310,122699776
1562033311,122699776
1562033312,122699776
1562033313,122699776
1562033314,122699776
1562033315,122699776
1562033316,122699776
1562033317,122699776
1562033318,122699776
1562033319,122699776
1562033320,122699776
1562033321,122699776
1562033322,122699776
1562033323,122699776
1562033324,122699776
1562033325,122699776
1562033326,122699776
1562033327,122699776
1562033328,122699776
1562033329,122699776
1562033330,122699776
1562033331,122699776
1562033332,122699776
1562033333,122699776
1562033334,122699776
1562033335,122699776
1562033336,122699776
1562033337,122699776
1562033338,122699776
1562033339,122699776
1562033340,122699776
1562033341,122699776
1562033342,122699776
1562033343,122699776
1562033344,122699776
1562033345,122699776
1562033346,122699776
1562033347,122699776
1562033348,122699776
1562033349,122699776
1562033350,122699776
1562033351,122699776
1562033352,122699776
1562033353,122699776
1562033354,122699776
1562033355,122699776
1562033356,122699776
1562033357,122699776
1562033358,122699776
1562033359,122699776
1562033360,122699776
1562033361,122699776
1562033362,122699776
1562033363,122699776
1562033364,122699776
1562033365,122699776
1562033366,122699776
1562033367,122699776
1562033368,122699776
1562033369,122699776
1562033370,122699776
1562033371,122699776
1562033372,122699776
1562033373,122699776
1562033374,122699776
1562033375,122699776
1562033376,122699776
1562033377,122699776
1562033378,122699776
1562033379,122699776
1562033380,122699776
1562033381,122699776
1562033382,122699776
1562033383,122699776
1562033384,122699776
1562033385,122699776
1562033386,122699776
1562033387,122699776
1562033388,122699776
1562033389,122699776
1562033390,122699776
1562033391,122699776
1562033392,122699776
1562033393,122699776
1562033394,122699776
1562033395,122699776
1562033396,122699776
1562033397,122699776
1562033398,122699776
1562033399,122699776
1562033400,122699776
1562033401,122699776
1562033402,122699776
1562033403,122699776
1562033404,122699776
1562033405,122699776
1562033406,122699776
1562033407,122699776
1562033408,122699776
1562033409,122699776
1562033410,122699776
1562033411,122699776
1562033412,122699776
1562033413,122699776
1562033414,122699776
1562033415,122699776
1562033416,122699776
1562033417,122699776
1562033418,122699776
1562033419,122699776
1562033420,122699776
1562033421,122699776
1562033422,122699776
1562033423,122699776
1562033424,122699776
1562033425,122699776
1562033426,122699776
1562033427,122699776
1562033428,122699776
1562033429,122699776
1562033430,122699776
1562033431,122699776
1562033432,122699776
1562033433,122699776
1562033434,122699776
1562033435,122699776
1562033436,122699776
1562033437,122699776
1562033438,122699776
1562033439,122699776
1562033440,122699776
1562033441,122699776
1562033442,122699776
1562033443,122699776
1562033444,122699776
1562033445,122699776
1562033446,122699776
1562033447,122699776
1562033448,122699776
1562033449,122699776
1562033450,122699776
1562033451,122699776
1562033452,122699776
1562033453,122699776
1562033454,122699776
1562033455,122699776
1562033456,122699776
1562033457,122699776
1562033458,122699776
1562033459,122699776
1562033460,122699776
1562033461,122699776
1562033462,122699776
1562033463,122699776
1562033464,122699776
1562033465,122699776
1562033466,122699776
1562033467,122699776
1562033468,122699776
1562033469,122699776
1562033470,122699776
1562033471,122699776
1562033472,122699776
1562033473,122699776
1562033474,122699776
1562033475,122699776
1562033476,122699776
1562033477,122699776
1562033478,122699776
1562033479,122699776
1562033480,122699776
1562033481,122699776
1562033482,122699776
1562033483,122699776
1562033484,122699776
1562033485,122699776
1562033486,122699776
1562033487,122699776
1562033488,122699776
1562033489,122699776
1562033490,122699776
1562033491,122699776
1562033492,122699776
1562033493,122699776
1562033494,122699776
1562033495,122699776
1562033496,122699776
1562033497,122699776
1562033498,122699776
1562033499,122699776
1562033500,122699776
1562033501,122699776
1562033502,122699776
1562033503,122699776
1562033504,122699776
1562033505,122699776
1562033506,122699776
1562033507,122699776
1562033508,122699776
1562033509,122699776
1562033510,122699776
1562033511,122699776
1562033512,122699776
1562033513,122699776
1562033514,122699776
1562033515,122699776
1562033516,122699776
1562033517,122699776
1562033518,122699776
1562033519,122699776
1562033520,122699776
1562033521,122699776
1562033522,122699776
1562033523,122699776
1562033524,122699776
1562033525,122699776
1562033526,122699776
1562033527,122699776
1562033528,122699776
1562033529,122699776
1562033530,122699776
1562033531,122699776
1562033532,122699776
1562033533,122699776
1562033534,122699776
1562033535,122699776
1562033536,122699776
1562033537,122699776
1562033538,122699776
1562033539,122699776
1562033540,122699776
1562033541,122699776
1562033542,122699776
1562033543,122699776
1562033544,122699776
1562033545,122699776
1562033546,122699776
1562033547,122699776
1562033548,122699776
1562033549,122699776
1562033550,122699776
1562033551,122699776
1562033552,122699776
1562033553,122699776
1562033554,122699776
1562033555,122699776
1562033556,122699776
1562033557,122699776
1562033558,122699776
1562033559,122699776
1562033560,122699776
1562033561,122699776
1562033562,122699776
1562033563,122699776
1562033564,122699776
1562033565,122699776
1562033566,122699776
1562033567,122699776
1562033568,122699776
1562033569,122699776
1562033570,122699776
1562033571,122699776
1562033572,122699776
1562033573,122699776
1562033574,122699776
1562033575,122699776
1562033576,122699776
1562033577,122699776
1562033578,122699776
1562033579,122699776
1562033580,122699776
1562033581,122699776
1562033582,122699776
1562033583,122699776
1562033584,122699776
1562033585,122699776
1562033586,122699776
1562033587,122699776
1562033588,122699776
1562033589,122699776
1562033590,122699776
1562033591,122699776
1562033592,122699776
1562033593,122699776
1562033594,122699776
1562033595,122699776
1562033596,122699776
1562033597,122699776
1562033598,122699776
1562033599,122699776
1562033600,122699776
1562033601,122699776
1562033602,122699776
1562033603,122699776
1562033604,122699776
1562033605,122699776
1562033606,122699776
1562033607,122699776
1562033608,122699776
1562033609,122699776
1562033610,122699776
1562033611,122699776
1562033612,122699776
1562033613,122699776
1562033614,122699776
1562033615,122699776
1562033616,122699776
1562033617,122699776
1562033618,122699776
1562033619,122699776
1562033620,122699776
1562033621,122699776
1562033622,122699776
1562033623,122699776
1562033624,122699776
1562033625,122699776
1562033626,122699776
1562033627,122699776
1562033628,122699776
1562033629,122699776
1562033630,122699776
1562033631,122699776
1562033632,122699776
1562033633,122699776
1562033634,122699776
1562033635,122699776
1562033636,122699776
1562033637,122699776
1562033638,122699776
1562033639,122699776
1562033640,122699776
1562033641,122699776
1562033642,122699776
1562033643,122699776
1562033644,122699776
1562033645,122699776
1562033646,122699776
1562033647,122699776
1562033648,122699776
1562033649,122699776
1562033650,122699776
1562033651,122699776
1562033652,122699776
1562033653,122699776
1562033654,122699776
1562033655,122699776
1562033656,122699776
1562033657,122699776
1562033658,122699776
1562033659,122699776
1562033660,122699776
1562033661,122699776
1562033662,122699776
1562033663,122699776
1562033664,122699776
1562033665,122699776
1562033666,122699776
1562033667,122699776
1562033668,122699776
1562033669,122699776
1562033670,122699776
1562033671,122699776
1562033672,122699776
1562033673,122699776
1562033674,122699776
1562033675,122699776
1562033676,122699776
1562033677,122699776
1562033678,122699776
1562033679,122699776
1562033680,122699776
1562033681,122699776
1562033682,122699776
1562033683,122699776
1562033684,122699776
1562033685,122699776
1562033686,122699776
1562033687,122699776
1562033688,122699776
1562033689,122699776
1562033690,122699776
1562033691,122699776
1562033692,122699776
1562033693,122699776
1562033694,122699776
1562033695,122699776
1562033696,122699776
1562033697,122699776
1562033698,122699776
1562033699,122699776
1562033700,122699776
1562033701,122699776
1562033702,122699776
1562033703,122699776
1562033704,122699776
1562033705,122699776
1562033706,122699776
1562033707,122699776
1562033708,122699776
1562033709,122699776
1562033710,122699776
1562033711,122699776
1562033712,122699776
1562033713,122699776
1562033714,122699776
1562033715,122699776
1562033716,122699776
1562033717,122699776
1562033718,122699776
1562033719,122699776
1562033720,122699776
1562033721,122699776
1562033722,122699776
1562033723,122699776
1562033724,122699776
1562033725,122699776
1562033726,122699776
1562033727,122699776
1562033728,122699776
1562033729,122699776
1562033730,122699776
1562033731,122699776
1562033732,122699776
1562033733,122699776
1562033734,122699776
1562033735,122699776
1562033736,122699776
1562033737,122699776
1562033738,122699776
1562033739,122699776
1562033740,122699776
1562033741,122699776
1562033742,122699776
1562033743,122699776
1562033744,122699776
1562033745,122699776
1562033746,122699776
1562033747,122699776
1562033748,122699776
1562033749,122699776
1562033750,122699776
1562033751,122699776
1562033752,122699776
1562033753,122699776
1562033754,122699776
1562033755,122699776
1562033756,122699776
1562033757,122699776
1562033758,122699776
1562033759,122699776
1562033760,122699776
1562033761,122699776
1562033762,122699776
1562033763,122699776
1562033764,122699776
1562033765,122699776
1562033766,122699776
1562033767,122699776
1562033768,122699776
1562033769,122699776
1562033770,122699776
1562033771,122699776
1562033772,122699776
1562033773,122699776
1562033774,122699776
1562033775,122699776
1562033776,122699776
1562033777,122699776
1562033778,122699776
1562033779,122699776
1562033780,122699776
1562033781,122699776
1562033782,122699776
1562033783,122699776
1562033784,122699776
1562033785,122699776
1562033786,122699776
1562033787,122699776
1562033788,122699776
1562033789,122699776
1562033790,122699776
1562033791,122699776
1562033792,122699776
1562033793,122699776
1562033794,122699776
1562033795,122699776
1562033796,122699776
1562033797,122699776
1562033798,122699776
1562033799,122699776
1562033800,122699776
1562033801,122699776
1562033802,122699776
1562033803,122699776
1562033804,122699776
1562033805,122699776
1562033806,122699776
1562033807,122699776
1562033808,122699776
1562033809,122699776
1562033810,122699776
1562033811,122699776
1562033812,122699776
1562033813,122699776
1562033814,122699776
1562033815,122699776
1562033816,122699776
1562033817,122699776
1562033818,122699776
1562033819,122699776
1562033820,122699776
1562033821,122699776
1562033822,122699776
1562033823,122699776
1562033824,122699776
1562033825,122699776
1562033826,122699776
1562033827,122699776
1562033828,122699776
1562033829,122699776
1562033830,122699776
1562033831,122699776
1562033832,122699776
1562033833,122699776
1562033834,122699776
1562033835,122699776
1562033836,122699776
1562033837,122699776
1562033838,122699776
1562033839,122699776
1562033840,122699776
1562033841,122699776
1562033842,122699776
1562033843,122699776
1562033844,122699776
1562033845,122699776
1562033846,122699776
1562033847,122699776
1562033848,122699776
1562033849,122699776
1562033850,122699776
1562033851,122699776
1562033852,122699776
1562033853,122699776
1562033854,122699776
1562033855,122699776
1562033856,122699776
1562033857,122699776
1562033858,122699776
1562033859,122699776
1562033860,122699776
1562033861,122699776
1562033862,122699776
1562033863,122699776
1562033864,122699776
1562033865,122699776
1562033866,122699776
1562033867,122699776
1562033868,122699776
1562033869,122699776
1562033870,122699776
1562033871,122699776
1562033872,122699776
1562033873,122699776
1562033874,122699776
1562033875,122699776
1562033876,122699776
1562033877,122699776
1562033878,122699776
1562033879,122699776
1562033880,122699776
1562033881,122699776
1562033882,122699776
1562033883,122699776
1562033884,122699776
1562033885,122699776
1562033886,122699776
1562033887,122699776
1562033888,122699776
1562033889,122699776
1562033890,122699776
1562033891,122699776
1562033892,122699776
1562033893,122699776
1562033894,122699776
1562033895,122699776
1562033896,122699776
1562033897,122699776
1562033898,122699776
1562033899,122699776
1562033900,122699776
1562033901,122699776
1562033902,122699776
1562033903,122699776
1562033904,122699776
1562033905,122699776
1562033906,122699776
1562033907,122699776
1562033908,122699776
1562033909,122699776
1562033910,122699776
1562033911,122699776
1562033912,122699776
1562033913,122699776
1562033914,122699776
1562033915,122699776
1562033916,122699776
1562033917,122699776
1562033918,122699776
1562033919,122699776
1562033920,122699776
1562033921,122699776
1562033922,122699776
1562033923,122699776
1562033924,122699776
1562033925,122699776
1562033926,122699776
1562033927,122699776
1562033928,122699776
1562033929,122699776
1562033930,122699776
1562033931,122699776
1562033932,122699776
1562033933,122699776
1562033934,122699776
1562033935,122699776
1562033936,122699776
1562033937,122699776
1562033938,122699776
1562033939,122699776
1562033940,122699776
1562033941,122699776
1562033942,122699776
1562033943,122699776
1562033944,122699776
1562033945,122699776
1562033946,122699776
1562033947,122699776
1562033948,122699776
1562033949,122699776
1562033950,122699776
1562033951,122699776
1562033952,122699776
1562033953,122699776
1562033954,122699776
1562033955,122699776
1562033956,122699776
1562033957,122699776
1562033958,122699776
1562033959,122699776
1562033960,122699776
1562033961,122699776
1562033962,122699776
1562033963,122699776
1562033964,122699776
1562033965,122699776
1562033966,122699776
1562033967,122699776
1562033968,122699776
1562033969,122699776
1562033970,122699776
1562033971,122699776
1562033972,122699776
1562033973,122699776
1562033974,122699776
1562033975,122699776
1562033976,122699776
1562033977,122699776
1562033978,122699776
1562033979,122699776
1562033980,122699776
1562033981,122699776
1562033982,122699776
1562033983,122699776
1562033984,122699776
1562033985,122699776
1562033986,122699776
1562033987,122699776
1562033988,122699776
1562033989,122699776
1562033990,122699776
1562033991,122699776
1562033992,122699776
1562033993,122699776
1562033994,122699776
1562033995,122699776
1562033996,122699776
1562033997,122699776
1562033998,122699776
1562033999,122699776
1562034000,122699776
1562034001,122699776
1562034002,122699776
1562034003,122699776
1562034004,122699776
1562034005,122699776
1562034006,122699776
1562034007,122699776
1562034008,122699776
1562034009,122699776
1562034010,122699776
1562034011,122699776
1562034012,122699776
1562034013,122699776
1562034014,122699776
1562034015,122699776
1562034016,122699776
1562034017,122699776
1562034018,122699776
1562034019,122699776
1562034020,122699776
1562034021,122699776
1562034022,122699776
1562034023,122699776
1562034024,122699776
1562034025,122699776
1562034026,122699776
1562034027,122699776
1562034028,122699776
1562034029,122699776
1562034030,122699776
1562034031,122699776
1562034032,122699776
1562034033,122699776
1562034034,122699776
1562034035,122699776
1562034036,122699776
1562034037,122699776
1562034038,122699776
1562034039,122699776
1562034040,122699776
1562034041,122699776
1562034042,122699776
1562034043,122699776
1562034044,122699776
1562034045,122699776
1562034046,122699776
1562034047,122699776
1562034048,122699776
1562034049,122699776
1562034050,122699776
1562034051,122699776
1562034052,122699776
1562034053,122699776
1562034054,122699776
1562034055,122699776
1562034056,122699776
1562034057,122699776
1562034058,122699776
1562034059,122699776
1562034060,122699776
1562034061,122699776
1562034062,122699776
1562034063,122699776
1562034064,122699776
1562034065,122699776
1562034066,122699776
1562034067,122699776
1562034068,122699776
1562034069,122699776
1562034070,122699776
1562034071,122699776
1562034072,122699776
1562034073,122699776
1562034074,122699776
1562034075,122699776
1562034076,122699776
1562034077,122699776
1562034078,122699776
1562034079,122699776
1562034080,122699776
1562034081,122699776
1562034082,122699776
1562034083,122699776
1562034084,122699776
1562034085,122699776
1562034086,122699776
1562034087,122699776
1562034088,122699776
1562034089,122699776
1562034090,122699776
1562034091,122699776
1562034092,122699776
1562034093,122699776
1562034094,122699776
1562034095,122699776
1562034096,122699776
1562034097,122699776
1562034098,122699776
1562034099,122699776
1562034100,122699776
1562034101,122699776
1562034102,122699776
1562034103,122699776
1562034104,122699776
1562034105,122699776
1562034106,122699776
1562034107,122699776
1562034108,122699776
1562034109,122699776
1562034110,122699776
1562034111,122699776
1562034112,122699776
1562034113,122699776
1562034114,122699776
1562034115,122699776
1562034116,122699776
1562034117,122699776
1562034118,122699776
1562034119,122699776
1562034120,122699776
1562034121,122699776
1562034122,122699776
1562034123,122699776
1562034124,122699776
1562034125,122699776
1562034126,122699776
1562034127,122699776
1562034128,122699776
1562034129,122699776
1562034130,122699776
1562034131,122699776
1562034132,122699776
1562034133,122699776
1562034134,122699776
1562034135,122699776
1562034136,122699776
1562034137,122699776
1562034138,122699776
1562034139,122699776
1562034140,122699776
1562034141,122699776
1562034142,122699776
1562034143,122699776
1562034144,122699776
1562034145,122699776
1562034146,122699776
1562034147,122699776
1562034148,122699776
1562034149,122699776
1562034150,122699776
1562034151,122699776
1562034152,122699776
1562034153,122699776
1562034154,122699776
1562034155,122699776
1562034156,122699776
1562034157,122699776
1562034158,122699776
1562034159,122699776
1562034160,122699776
1562034161,122699776
1562034162,122699776
1562034163,122699776
1562034164,122699776
1562034165,122699776
1562034166,122699776
1562034167,122699776
1562034168,122699776
1562034169,122699776
1562034170,122699776
1562034171,122699776
1562034172,122699776
1562034173,122699776
1562034174,122699776
1562034175,122699776
1562034176,122699776
1562034177,122699776
1562034178,122699776
1562034179,122699776
1562034180,122699776
1562034181,122699776
1562034182,122699776
1562034183,122699776
1562034184,122699776
1562034185,122699776
1562034186,122699776
1562034187,122699776
1562034188,122699776
1562034189,122699776
1562034190,122699776
1562034191,122699776
1562034192,122699776
1562034193,122699776
1562034194,122699776
1562034195,122699776
1562034196,122699776
1562034197,122699776
1562034198,122699776
1562034199,122699776
1562034200,122699776
1562034201,122699776
1562034202,122699776
1562034203,122699776
1562034204,122699776
1562034205,122699776
1562034206,122699776
1562034207,122699776
1562034208,122699776
1562034209,122699776
1562034210,122699776
1562034211,122699776
1562034212,122699776
1562034213,122699776
1562034214,122699776
1562034215,122699776
1562034216,122699776
1562034217,122699776
1562034218,122699776
1562034219,122699776
1562034220,122699776
1562034221,122699776
1562034222,122699776
1562034223,122699776
1562034224,122699776
1562034225,122699776
1562034226,122699776
1562034227,122699776
1562034228,122699776
1562034229,122699776
1562034230,122699776
1562034231,122699776
1562034232,122699776
1562034233,122699776
1562034234,122699776
1562034235,122699776
1562034236,122699776
1562034237,122699776
1562034238,122699776
1562034239,122699776
1562034240,122699776
1562034241,122699776
1562034242,122699776
1562034243,122699776
1562034244,122699776
1562034245,122699776
1562034246,122699776
1562034247,122699776
1562034248,122699776
1562034249,122699776
1562034250,122699776
1562034251,122699776
1562034252,122699776
1562034253,122699776
1562034254,122699776
1562034255,122699776
1562034256,122699776
1562034257,122699776
1562034258,122699776
1562034259,122699776
1562034260,122699776
1562034261,122699776
1562034262,122699776
1562034263,122699776
1562034264,122699776
1562034265,122699776
1562034266,122699776
1562034267,122699776
1562034268,122699776
1562034269,122699776
1562034270,122699776
1562034271,122699776
1562034272,122699776
1562034273,122699776
1562034274,122699776
1562034275,122699776
1562034276,122699776
1562034277,122699776
1562034278,122699776
1562034279,122699776
1562034280,122699776
1562034281,122699776
1562034282,122699776
1562034283,122699776
1562034284,122699776
1562034285,122699776
1562034286,122699776
1562034287,122699776
1562034288,122699776
1562034289,122699776
1562034290,122699776
1562034291,122699776
1562034292,122699776
1562034293,122699776
1562034294,122699776
1562034295,122699776
1562034296,122699776
1562034297,122699776
1562034298,122699776
1562034299,122699776
1562034300,122699776
1562034301,122699776
1562034302,122699776
1562034303,122699776
1562034304,122699776
1562034305,122699776
1562034306,122699776
1562034307,122699776
1562034308,122699776
1562034309,122699776
1562034310,122699776
1562034311,122699776
1562034312,122699776
1562034313,122699776
1562034314,122699776
1562034315,122699776
1562034316,122699776
1562034317,122699776
1562034318,122699776
1562034319,122699776
1562034320,122699776
1562034321,122699776
1562034322,122699776
1562034323,122699776
1562034324,122699776
1562034325,122699776
1562034326,122699776
1562034327,122699776
1562034328,122699776
1562034329,122699776
1562034330,122699776
1562034331,122699776
1562034332,122699776
1562034333,122699776
1562034334,122699776
1562034335,122699776
1562034336,122699776
1562034337,122699776
1562034338,122699776
1562034339,122699776
1562034340,122699776
1562034341,122699776
1562034342,122699776
1562034343,122699776
1562034344,122699776
1562034345,122699776
1562034346,122699776
1562034347,122699776
1562034348,122699776
1562034349,122699776
1562034350,122699776
1562034351,122699776
1562034352,122699776
1562034353,122699776
1562034354,122699776
1562034355,122699776
1562034356,122699776
1562034357,122699776
1562034358,122699776
1562034359,122699776
1562034360,122699776
1562034361,122699776
1562034362,122699776
1562034363,122699776
1562034364,122699776
1562034365,122699776
1562034366,122699776
1562034367,122699776
1562034368,122699776
1562034369,122699776
1562034370,122699776
1562034371,122699776
1562034372,122699776
1562034373,122699776
1562034374,122699776
1562034375,122699776
1562034376,122699776
1562034377,122699776
1562034378,122699776
1562034379,122699776
1562034380,122699776
1562034381,122699776
1562034382,122699776
1562034383,122699776
1562034384,122699776
1562034385,122699776
1562034386,122699776
1562034387,122699776
1562034388,122699776
1562034389,122699776
1562034390,122699776
1562034391,122699776
1562034392,122699776
1562034393,122699776
1562034394,122699776
1562034395,122699776
1562034396,122699776
1562034397,122699776
1562034398,122699776
1562034399,122699776
1562034400,122699776
1562034401,122699776
1562034402,122699776
1562034403,122699776
1562034404,122699776
1562034405,122699776
1562034406,122699776
1562034407,122699776
1562034408,122699776
1562034409,122699776
1562034410,122699776
1562034411,122699776
1562034412,122699776
1562034413,122699776
1562034414,122699776
1562034415,122699776
1562034416,122699776
1562034417,122699776
1562034418,122699776
1562034419,122699776
1562034420,121659392
1562034421,121659392
1562034422,121659392
1562034423,121659392
1562034424,121659392
1562034425,121659392
1562034426,121659392
1562034427,121659392
1562034429,121659392
1562034430,121659392
1562034431,121659392
1562034432,121659392
1562034433,121659392
1562034434,121659392
1562034435,121659392
1562034436,122200064
1562034437,122200064
1562034438,122200064
1562034439,122200064
1562034440,122200064
1562034441,122200064
1562034442,122200064
1562034443,122200064
1562034444,122200064
1562034445,122200064
1562034446,122200064
1562034447,122200064
1562034448,122200064
1562034449,122200064
1562034450,122200064
1562034451,122200064
1562034452,122200064
1562034453,122200064
1562034454,122200064
1562034455,122200064
1562034456,122200064
1562034457,122200064
1562034458,122200064
1562034459,122200064
1562034460,122200064
1562034461,122200064
1562034462,122200064
1562034463,122200064
1562034464,122200064
1562034465,122200064
1562034466,122200064
1562034467,122200064
1562034468,122200064
1562034469,122200064
1562034470,122200064
1562034471,122200064
1562034472,122200064
1562034473,122200064
1562034474,122200064
1562034475,122200064
1562034476,122200064
1562034477,122200064
1562034478,122200064
1562034479,122200064
1562034480,122200064
1562034481,122200064
1562034482,122200064
1562034483,122200064
1562034484,122200064
1562034485,122200064
1562034486,122200064
1562034487,122200064
1562034488,122200064
1562034489,122200064
1562034490,122200064
1562034491,122200064
1562034492,122200064
1562034493,122200064
1562034494,122200064
1562034495,122200064
1562034496,122200064
1562034497,122200064
1562034498,122200064
1562034499,122200064
1562034500,122200064
1562034501,122200064
1562034502,122200064
1562034503,122200064
1562034504,122200064
1562034505,122200064
1562034506,122200064
1562034507,122200064
1562034508,122200064
1562034509,122200064
1562034510,122200064
1562034511,122200064
1562034512,122200064
1562034513,122200064
1562034514,122200064
1562034515,122200064
1562034516,122200064
1562034517,122200064
1562034518,122200064
1562034519,122200064
1562034520,122200064
1562034521,122200064
1562034522,122200064
1562034523,122200064
1562034524,122200064
1562034525,122200064
1562034526,122200064
1562034527,122200064
1562034528,122200064
1562034529,122200064
1562034530,122200064
1562034531,122200064
1562034532,122200064
1562034533,122200064
1562034534,122200064
1562034535,122200064
1562034536,122200064
1562034537,122200064
1562034538,122200064
1562034539,122200064
1562034540,122200064
1562034541,122200064
1562034542,122200064
1562034543,122200064
1562034544,122200064
1562034545,122200064
1562034546,122200064
1562034547,122200064
1562034548,122200064
1562034549,122200064
1562034550,122200064
1562034551,122200064
1562034552,122200064
1562034553,122200064
1562034554,122200064
1562034555,122200064
1562034556,122200064
1562034557,122200064
1562034558,122200064
1562034559,122200064
1562034560,122200064
1562034561,122200064
1562034562,122200064
1562034563,122200064
1562034564,122200064
1562034565,122200064
1562034566,122200064
1562034567,122200064
1562034568,122200064
1562034569,122200064
1562034570,122200064
1562034571,122200064
1562034572,122200064
1562034573,122200064
1562034574,122200064
1562034575,122200064
1562034576,122200064
1562034577,122200064
1562034578,122200064
1562034579,122200064
1562034580,122200064
1562034581,122200064
1562034582,122200064
1562034583,122200064
1562034584,122200064
1562034585,122200064
1562034586,122200064
1562034587,122200064
1562034588,122200064
1562034589,122200064
1562034590,122200064
1562034591,122200064
1562034592,122200064
1562034593,122200064
1562034594,122200064
1562034595,122200064
1562034596,122200064
1562034597,122200064
1562034598,122200064
1562034599,122200064
1562034600,122200064
1562034601,122200064
1562034602,122200064
1562034603,122200064
1562034604,122200064
1562034605,122200064
1562034606,122200064
1562034607,122200064
1562034608,122200064
1562034609,122200064
1562034610,122200064
1562034611,122200064
1562034612,122200064
1562034613,122200064
1562034614,122200064
1562034615,122200064
1562034616,122200064
1562034617,122200064
1562034618,122200064
1562034619,122200064
1562034620,122200064
1562034621,122200064
1562034622,122200064
1562034623,122200064
1562034624,122200064
1562034625,122200064
1562034626,122200064
1562034627,122200064
1562034628,122200064
1562034629,122200064
1562034630,122200064
1562034631,122200064
1562034632,122200064
1562034633,122200064
1562034634,122200064
1562034635,122200064
1562034636,122200064
1562034637,122200064
1562034638,122200064
1562034639,122200064
1562034640,122200064
1562034641,122200064
1562034642,122200064
1562034643,122200064
1562034644,122200064
1562034645,122200064
1562034646,122200064
1562034647,122200064
1562034648,122200064
1562034649,122200064
1562034650,122200064
1562034651,122200064
1562034652,122200064
1562034653,122200064
1562034654,122200064
1562034655,122200064
1562034656,122200064
1562034657,122200064
1562034658,122200064
1562034659,122200064
1562034660,122200064
1562034661,122200064
1562034662,122200064
1562034663,122200064
1562034664,122200064
1562034665,122200064
1562034666,122200064
1562034667,122200064
1562034668,122200064
1562034669,122200064
1562034670,122200064
1562034671,122200064
1562034672,122200064
1562034673,122200064
1562034674,122200064
1562034675,122200064
1562034676,122200064
1562034677,122200064
1562034678,122200064
1562034679,122200064
1562034680,122200064
1562034681,122200064
1562034682,122200064
1562034683,122200064
1562034684,122200064
1562034685,122200064
1562034686,122200064
1562034687,122200064
1562034688,122200064
1562034689,122200064
1562034690,122200064
1562034691,122200064
1562034692,122200064
1562034693,122200064
1562034694,122200064
1562034695,122200064
1562034696,122200064
1562034697,122200064
1562034698,122200064
1562034699,122200064
1562034700,122200064
1562034701,122200064
1562034702,122200064
1562034703,122200064
1562034704,122200064
1562034705,122200064
1562034706,122200064
1562034707,122200064
1562034708,122200064
1562034709,122200064
1562034710,122200064
1562034711,122200064
1562034712,122200064
1562034713,122200064
1562034714,122200064
1562034715,122200064
1562034716,122200064
1562034717,122200064
1562034718,122200064
1562034719,122200064
1562034720,122200064
1562034721,122200064
1562034722,122200064
1562034723,122200064
1562034724,122200064
1562034725,122200064
1562034726,122200064
1562034727,122200064
1562034728,122200064
1562034729,122200064
1562034730,122200064
1562034731,122200064
1562034732,122200064
1562034733,122200064
1562034734,122200064
1562034735,122200064
1562034736,122200064
1562034737,122200064
1562034738,122200064
1562034739,122200064
1562034740,122200064
1562034741,122200064
1562034742,122200064
1562034743,122200064
1562034744,122200064
1562034745,122200064
1562034746,122200064
1562034747,122200064
1562034748,122200064
1562034749,122200064
1562034750,122200064
1562034751,122200064
1562034752,122200064
1562034753,122200064
1562034754,122200064
1562034755,122200064
1562034756,122200064
1562034757,122200064
1562034758,122200064
1562034759,122200064
1562034760,122200064
1562034761,122200064
1562034762,122200064
1562034763,122200064
1562034764,122200064
1562034765,122200064
1562034766,122200064
1562034767,122200064
1562034768,122200064
1562034769,122200064
1562034770,122200064
1562034771,122200064
1562034772,122200064
1562034773,122200064
1562034774,122200064
1562034775,122200064
1562034776,122200064
1562034777,122200064
1562034778,122200064
1562034779,122200064
1562034780,122200064
1562034781,122200064
1562034782,122200064
1562034783,122200064
1562034784,122200064
1562034785,122200064
1562034786,122200064
1562034787,122200064
1562034788,122200064
1562034789,122200064
1562034790,122200064
1562034791,122200064
1562034792,122200064
1562034793,122200064
1562034794,122200064
1562034795,122200064
1562034796,122200064
1562034797,122200064
1562034798,122200064
1562034799,122200064
1562034800,122200064
1562034801,122200064
1562034802,122200064
1562034803,122200064
1562034804,122200064
1562034805,122200064
1562034806,122200064
1562034807,122200064
1562034808,122200064
1562034809,122200064
1562034810,122200064
1562034811,122200064
1562034812,122200064
1562034813,122200064
1562034814,122200064
1562034815,122200064
1562034816,122200064
1562034817,122200064
1562034818,122200064
1562034819,122200064
1562034820,122200064
1562034821,122200064
1562034822,122200064
1562034823,122200064
1562034824,122200064
1562034825,122200064
1562034826,122200064
1562034827,122200064
1562034828,122200064
1562034829,122200064
1562034830,122200064
1562034831,122200064
1562034832,122200064
1562034833,122200064
1562034834,122200064
1562034835,122200064
1562034836,122200064
1562034837,122200064
1562034838,122200064
1562034839,122200064
1562034840,122200064
1562034841,122200064
1562034842,122200064
1562034843,122200064
1562034844,122200064
1562034845,122200064
1562034846,122200064
1562034847,122200064
1562034848,122200064
1562034849,122200064
1562034850,122200064
1562034851,122200064
1562034852,122200064
1562034853,122200064
1562034854,122200064
1562034855,122200064
1562034856,122200064
1562034857,122200064
1562034858,122200064
1562034859,122200064
1562034860,122200064
1562034861,122200064
1562034862,122200064
1562034863,122200064
1562034864,122200064
1562034865,122200064
1562034866,122200064
1562034867,122200064
1562034868,122200064
1562034869,122200064
1562034870,122200064
1562034871,122200064
1562034872,122200064
1562034873,122200064
1562034874,122200064
1562034875,122200064
1562034876,122200064
1562034877,122200064
1562034878,122200064
1562034879,122200064
1562034880,122200064
1562034881,122200064
1562034882,122200064
1562034883,122200064
1562034884,122200064
1562034885,122200064
1562034886,122200064
1562034887,122200064
1562034888,122200064
1562034889,122200064
1562034890,122200064
1562034891,122200064
1562034892,122200064
1562034893,122200064
1562034894,122200064
1562034895,122200064
1562034896,122200064
1562034897,122200064
1562034898,122200064
1562034899,122200064
1562034900,122200064
1562034901,122200064
1562034902,122200064
1562034903,122200064
1562034904,122200064
1562034905,122200064
1562034906,122200064
1562034907,122200064
1562034908,122200064
1562034909,122200064
1562034910,122200064
1562034911,122200064
1562034912,122200064
1562034913,122200064
1562034914,122200064
1562034915,122200064
1562034916,122200064
1562034917,122200064
1562034918,122200064
1562034919,122200064
1562034920,122200064
1562034921,122200064
1562034922,122200064
1562034923,122200064
1562034924,122200064
1562034925,122200064
1562034926,122200064
1562034927,122200064
1562034928,122200064
1562034929,122200064
1562034930,122200064
1562034931,122200064
1562034932,122200064
1562034933,122200064
1562034934,122200064
1562034935,122200064
1562034936,122200064
1562034937,122200064
1562034938,122200064
1562034939,122200064
1562034940,122200064
1562034941,122200064
1562034942,122200064
1562034943,122200064
1562034944,122200064
1562034945,122200064
1562034946,122200064
1562034947,122200064
1562034948,122200064
1562034949,122200064
1562034950,122200064
1562034951,122200064
1562034952,122200064
1562034953,122200064
1562034954,122200064
1562034955,122200064
1562034956,122200064
1562034957,122200064
1562034958,122200064
1562034959,122200064
1562034960,122200064
1562034961,122200064
1562034962,122200064
1562034963,122200064
1562034964,122200064
1562034965,122200064
1562034966,122200064
1562034967,122200064
1562034968,122200064
1562034969,122200064
1562034970,122200064
1562034971,122200064
1562034972,122200064
1562034973,122200064
1562034974,122200064
1562034975,122200064
1562034976,122200064
1562034977,122200064
1562034978,122200064
1562034979,122200064
1562034980,122200064
1562034981,122200064
1562034982,122200064
1562034983,122200064
1562034984,122200064
1562034985,122200064
1562034986,122200064
1562034987,122200064
1562034988,122200064
1562034989,122200064
1562034990,122200064
1562034991,122200064
1562034992,122200064
1562034993,122200064
1562034994,122200064
1562034995,122200064
1562034996,122200064
1562034997,122200064
1562034998,122200064
1562034999,122200064
1562035000,122200064
1562035001,122200064
1562035002,122200064
1562035003,122200064
1562035004,122200064
1562035005,122200064
1562035006,122200064
1562035007,122200064
1562035008,122200064
1562035009,122200064
1562035010,122200064
1562035011,122200064
1562035012,122200064
1562035013,122200064
1562035014,122200064
1562035015,122200064
1562035016,122200064
1562035017,122200064
1562035018,122200064
1562035019,122200064
1562035020,122200064
1562035021,122200064
1562035022,122200064
1562035023,122200064
1562035024,122200064
1562035025,122200064
1562035026,122200064
1562035027,122200064
1562035028,122200064
1562035029,122200064
1562035030,122200064
1562035031,122200064
1562035032,122200064
1562035033,122200064
1562035034,122200064
1562035035,122200064
1562035036,122200064
1562035037,122200064
1562035038,122200064
1562035039,122200064
1562035040,122200064
1562035041,122200064
1562035042,122200064
1562035043,122200064
1562035044,122200064
1562035045,122200064
1562035046,122200064
1562035047,122200064
1562035048,122200064
1562035049,122200064
1562035050,122200064
1562035051,122200064
1562035052,122200064
1562035053,122200064
1562035054,122200064
1562035055,122200064
1562035056,122200064
1562035057,122200064
1562035058,122200064
1562035059,122200064
1562035060,122200064
1562035061,122200064
1562035062,122200064
1562035063,122200064
1562035064,122200064
1562035065,122200064
1562035066,122200064
1562035067,122200064
1562035068,122200064
1562035069,122200064
1562035070,122200064
1562035071,122200064
1562035072,122200064
1562035073,122200064
1562035074,122200064
1562035075,122200064
1562035076,122200064
1562035077,122200064
1562035078,122200064
1562035079,122200064
1562035080,122200064
1562035081,122200064
1562035082,122200064
1562035083,122200064
1562035084,122200064
1562035085,122200064
1562035086,122200064
1562035087,122200064
1562035088,122200064
1562035089,122200064
1562035090,122200064
1562035091,122200064
1562035092,122200064
1562035093,122200064
1562035094,122200064
1562035095,122200064
1562035096,122200064
1562035097,122200064
1562035098,122200064
1562035099,122200064
1562035100,122200064
1562035101,122200064
1562035102,122200064
1562035103,122200064
1562035104,122200064
1562035105,122200064
1562035106,122200064
1562035107,122200064
1562035108,122200064
1562035109,122200064
1562035110,122200064
1562035111,122200064
1562035112,122200064
1562035113,122200064
1562035114,122200064
1562035115,122200064
1562035116,122200064
1562035117,122200064
1562035118,122200064
1562035119,122200064
1562035120,122200064
1562035121,122200064
1562035122,122200064
1562035123,122200064
1562035124,122200064
1562035125,122200064
1562035126,122200064
1562035127,122200064
1562035128,122200064
1562035129,122200064
1562035130,122200064
1562035131,122200064
1562035132,122200064
1562035133,122200064
1562035134,122200064
1562035135,122200064
1562035136,122200064
1562035137,122200064
1562035138,122200064
1562035139,122200064
1562035140,122200064
1562035141,122200064
1562035142,122200064
1562035143,122200064
1562035144,122200064
1562035145,122200064
1562035146,122200064
1562035147,122200064
1562035148,122200064
1562035149,122200064
1562035150,122200064
1562035151,122200064
1562035152,122200064
1562035153,122200064
1562035154,122200064
1562035155,122200064
1562035156,122200064
1562035157,122200064
1562035158,122200064
1562035159,122200064
1562035160,122200064
1562035161,122200064
1562035162,122200064
1562035163,122200064
1562035164,122200064
1562035165,122200064
1562035166,122200064
1562035167,122200064
1562035168,122200064
1562035169,122200064
1562035170,121798656
1562035171,121798656
1562035172,121798656
1562035173,121798656
1562035174,121798656
1562035175,121798656
1562035176,121798656
1562035177,121798656
1562035178,121798656
1562035179,121798656
1562035180,121798656
1562035181,121798656
1562035182,121798656
1562035183,121798656
1562035184,121798656
1562035185,121798656
1562035186,121798656
1562035187,121798656
1562035188,121798656
1562035189,121798656
1562035190,121798656
1562035191,121798656
1562035192,121798656
1562035193,121798656
1562035194,121798656
1562035195,121798656
1562035196,121798656
1562035197,121798656
1562035198,121798656
1562035199,121798656
1562035200,121798656
1562035201,121798656
1562035202,121798656
1562035203,121798656
1562035204,121798656
1562035205,121798656
1562035206,121798656
1562035207,121798656
1562035208,121798656
1562035209,121798656
1562035210,121798656
1562035211,121798656
1562035212,121798656
1562035213,121798656
1562035214,121798656
1562035215,122068992
1562035216,122068992
1562035217,122068992
1562035218,122068992
1562035219,122068992
1562035220,122068992
1562035221,122068992
1562035222,122068992
1562035223,122068992
1562035224,122068992
1562035225,122068992
1562035226,122339328
1562035227,122339328
1562035228,122339328
1562035229,122339328
1562035230,122339328
1562035231,122339328
1562035232,122339328
1562035233,122339328
1562035234,122339328
1562035235,122339328
1562035236,122339328
1562035237,122339328
1562035238,122339328
1562035239,122339328
1562035240,122339328
1562035241,122339328
1562035242,122339328
1562035243,122339328
1562035244,122339328
1562035245,122339328
1562035246,122339328
1562035247,122339328
1562035248,122339328
1562035249,122339328
1562035250,122339328
1562035251,122339328
1562035252,122339328
1562035253,122339328
1562035254,122339328
1562035255,122339328
1562035256,122339328
1562035257,122339328
1562035258,122339328
1562035259,122339328
1562035260,122339328
1562035261,122339328
1562035262,122339328
1562035263,122339328
1562035264,122339328
1562035265,122339328
1562035266,122339328
1562035267,122339328
1562035268,122339328
1562035269,122339328
1562035270,122339328
1562035271,122339328
1562035272,122339328
1562035273,122339328
1562035274,122339328
1562035275,122339328
1562035276,122339328
1562035277,122339328
1562035278,122339328
1562035279,122339328
1562035280,122339328
1562035281,122339328
1562035282,122339328
1562035283,122339328
1562035284,122339328
1562035285,122339328
1562035286,122339328
1562035287,122339328
1562035288,122339328
1562035289,122339328
1562035290,122339328
1562035291,122339328
1562035292,122339328
1562035293,122339328
1562035294,122339328
1562035295,122339328
1562035296,122339328
1562035297,122339328
1562035298,122339328
1562035299,122339328
1562035300,122339328
1562035301,122339328
1562035302,122339328
1562035303,122339328
1562035304,122339328
1562035305,122339328
1562035306,122339328
1562035307,122339328
1562035308,122339328
1562035309,122339328
1562035310,122339328
1562035311,122339328
1562035312,122339328
1562035313,122339328
1562035314,122339328
1562035315,122339328
1562035316,122339328
1562035317,122339328
1562035318,122339328
1562035319,122339328
1562035320,122339328
1562035321,122339328
1562035322,122339328
1562035323,122339328
1562035324,122339328
1562035325,122339328
1562035326,122339328
1562035327,122339328
1562035328,122339328
1562035329,122339328
1562035330,122339328
1562035331,122339328
1562035332,122339328
1562035333,122339328
1562035334,122339328
1562035335,122339328
1562035336,122339328
1562035337,122339328
1562035338,122339328
1562035339,122339328
1562035340,122339328
1562035341,122339328
1562035342,122339328
1562035343,122339328
1562035344,122339328
1562035345,122339328
1562035346,122339328
1562035347,122339328
1562035348,122339328
1562035349,122339328
1562035350,122339328
1562035351,122339328
1562035352,122339328
1562035353,122339328
1562035354,122339328
1562035355,122339328
1562035356,122339328
1562035357,122339328
1562035358,122339328
1562035359,122339328
1562035360,122339328
1562035361,122339328
1562035362,122339328
1562035363,122339328
1562035364,122339328
1562035365,122339328
1562035366,122339328
1562035367,122339328
1562035368,122339328
1562035369,122339328
1562035370,122339328
1562035371,122339328
1562035372,122339328
1562035373,122339328
1562035374,122339328
1562035375,122339328
1562035376,122339328
1562035377,122339328
1562035378,122339328
1562035379,122339328
1562035380,122339328
1562035381,122339328
1562035382,122339328
1562035383,122339328
1562035384,122339328
1562035385,122339328
1562035386,122339328
1562035387,122339328
1562035388,122339328
1562035389,122339328
1562035390,122339328
1562035391,122339328
1562035392,122339328
1562035393,122339328
1562035394,122339328
1562035395,122339328
1562035396,122339328
1562035397,122339328
1562035398,122339328
1562035399,122339328
1562035400,122339328
1562035401,122339328
1562035402,122339328
1562035403,122339328
1562035404,122339328
1562035405,122339328
1562035406,122339328
1562035407,122339328
1562035408,122339328
1562035409,122339328
1562035410,122339328
1562035411,122339328
1562035412,122339328
1562035413,122339328
1562035414,122339328
1562035415,122339328
1562035416,122339328
1562035417,122339328
1562035418,122339328
1562035419,122339328
1562035420,122339328
1562035421,122339328
1562035422,122339328
1562035423,122339328
1562035424,122339328
1562035425,122339328
1562035426,122339328
1562035427,122339328
1562035428,122339328
1562035429,122339328
1562035430,122339328
1562035431,122339328
1562035432,122339328
1562035433,122339328
1562035434,122339328
1562035435,122339328
1562035436,122339328
1562035437,122339328
1562035438,122339328
1562035439,122339328
1562035440,122339328
1562035441,122339328
1562035442,122339328
1562035443,122339328
1562035444,122339328
1562035445,122339328
1562035446,122339328
1562035447,122339328
1562035448,122339328
1562035449,122339328
1562035450,122339328
1562035451,122339328
1562035452,122339328
1562035453,122339328
1562035454,122339328
1562035455,122339328
1562035456,122339328
1562035457,122339328
1562035458,122339328
1562035459,122339328
1562035460,122339328
1562035461,122339328
1562035462,122339328
1562035463,122339328
1562035464,122339328
1562035465,122339328
1562035466,122339328
1562035467,122339328
1562035468,122339328
1562035469,122339328
1562035470,122339328
1562035471,122339328
1562035472,122339328
1562035473,122339328
1562035474,122339328
1562035475,122339328
1562035476,122339328
1562035477,122339328
1562035478,122339328
1562035479,122339328
1562035480,122339328
1562035481,122339328
1562035482,122339328
1562035483,122339328
1562035484,122339328
1562035485,122339328
1562035486,122339328
1562035487,122339328
1562035488,122339328
1562035489,122339328
1562035490,122339328
1562035491,122339328
1562035492,122339328
1562035493,122339328
1562035494,122339328
1562035495,122339328
1562035496,122339328
1562035497,122339328
1562035498,122339328
1562035499,122339328
1562035500,122339328
1562035501,122339328
1562035502,122339328
1562035503,122339328
1562035504,122339328
1562035505,122339328
1562035506,122339328
1562035507,122339328
1562035508,122339328
1562035509,122339328
1562035510,122339328
1562035511,122339328
1562035512,122339328
1562035513,122339328
1562035514,122339328
1562035515,122339328
1562035516,122339328
1562035517,122339328
1562035518,122339328
1562035519,122339328
1562035520,122339328
1562035521,122339328
1562035522,122339328
1562035523,122339328
1562035524,122339328
1562035525,122339328
1562035526,122339328
1562035527,122339328
1562035528,122339328
1562035529,122339328
1562035530,122339328
1562035531,122339328
1562035532,122339328
1562035533,122339328
1562035534,122339328
1562035535,122339328
1562035536,122339328
1562035537,122339328
1562035538,122339328
1562035539,122339328
1562035540,122339328
1562035541,122339328
1562035542,122339328
1562035543,122339328
1562035544,122339328
1562035545,122339328
1562035546,122339328
1562035547,122339328
1562035548,122339328
1562035549,122339328
1562035550,122339328
1562035551,122339328
1562035552,122339328
1562035553,122339328
1562035554,122339328
1562035555,122339328
1562035556,122339328
1562035557,122339328
1562035558,122339328
1562035559,122339328
1562035560,122339328
1562035561,122339328
1562035562,122339328
1562035563,122339328
1562035564,122339328
1562035565,122339328
1562035566,122339328
1562035567,122339328
1562035568,122339328
1562035569,122339328
1562035570,122339328
1562035571,122339328
1562035572,122339328
1562035573,122339328
1562035574,122339328
1562035575,122339328
1562035576,122339328
1562035577,122339328
1562035578,122339328
1562035579,122339328
1562035580,122339328
1562035581,122339328
1562035582,122339328
1562035583,122339328
1562035584,122339328
1562035585,122339328
1562035586,122339328
1562035587,122339328
1562035588,122339328
1562035589,122339328
1562035590,122339328
1562035591,122339328
1562035592,122339328
1562035593,122339328
1562035594,122339328
1562035595,122339328
1562035596,122339328
1562035597,122339328
1562035598,122339328
1562035599,122339328
1562035600,122339328
1562035601,122339328
1562035602,122339328
1562035603,122339328
1562035604,122339328
1562035605,122339328
1562035606,122339328
1562035607,122339328
1562035608,122339328
1562035609,122339328
1562035610,122339328
1562035611,122339328
1562035612,122339328
1562035613,122339328
1562035614,122339328
1562035615,122339328
1562035616,122339328
1562035617,122339328
1562035618,122339328
1562035619,122339328
1562035620,122339328
1562035621,122339328
1562035622,122339328
1562035623,122339328
1562035624,122339328
1562035625,122339328
1562035626,122339328
1562035627,122339328
1562035628,122339328
1562035629,122339328
1562035630,122339328
1562035631,122339328
1562035632,122339328
1562035633,122339328
1562035634,122339328
1562035635,122339328
1562035636,122339328
1562035637,122339328
1562035638,122339328
1562035639,122339328
1562035640,122339328
1562035641,122339328
1562035642,122339328
1562035643,122339328
1562035644,122339328
1562035645,122339328
1562035646,122339328
1562035647,122339328
1562035648,122339328
1562035649,122339328
1562035650,122339328
1562035651,122339328
1562035652,122339328
1562035653,122339328
1562035654,122339328
1562035655,122339328
1562035656,122339328
1562035657,122339328
1562035658,122339328
1562035659,122339328
1562035660,122339328
1562035661,122339328
1562035662,122339328
1562035663,122339328
1562035664,122339328
1562035665,122339328
1562035666,122339328
1562035667,122339328
1562035668,122339328
1562035669,122339328
1562035670,122339328
1562035671,122339328
1562035672,122339328
1562035673,122339328
1562035674,122339328
1562035675,122339328
1562035676,122339328
1562035677,122339328
1562035678,122339328
1562035679,122339328
1562035680,122339328
1562035681,122339328
1562035682,122339328
1562035683,122339328
1562035684,122339328
1562035685,122339328
1562035686,122339328
1562035687,122339328
1562035688,122339328
1562035689,122339328
1562035690,122339328
1562035691,122339328
1562035692,122339328
1562035693,122339328
1562035694,122339328
1562035695,122339328
1562035696,122339328
1562035697,122339328
1562035698,122339328
1562035699,122339328
1562035700,122339328
1562035701,122339328
1562035702,122339328
1562035703,122339328
1562035704,122339328
1562035705,122339328
1562035706,122339328
1562035707,122339328
1562035708,122339328
1562035709,122339328
1562035710,122339328
1562035711,122339328
1562035712,122339328
1562035713,122339328
1562035714,122339328
1562035715,122339328
1562035716,122339328
1562035717,122339328
1562035718,122339328
1562035719,122339328
1562035720,122339328
1562035721,122339328
1562035722,122339328
1562035723,122339328
1562035724,122339328
1562035725,122339328
1562035726,122339328
1562035727,122339328
1562035728,122339328
1562035729,122339328
1562035730,122339328
1562035731,122339328
1562035732,122339328
1562035733,122339328
1562035734,122339328
1562035735,122339328
1562035736,122339328
1562035737,122339328
1562035738,122339328
1562035739,122339328
1562035740,122339328
1562035741,122339328
1562035742,122339328
1562035743,122339328
1562035744,122339328
1562035745,122339328
1562035746,122339328
1562035747,122339328
1562035748,122339328
1562035749,122339328
1562035750,122339328
1562035751,122339328
1562035752,122339328
1562035753,122339328
1562035754,122339328
1562035755,122339328
1562035756,122339328
1562035757,122339328
1562035758,122339328
1562035759,122339328
1562035760,122339328
1562035761,122339328
1562035762,122339328
1562035763,122339328
1562035764,122339328
1562035765,122339328
1562035766,122339328
1562035767,122339328
1562035768,122339328
1562035769,122339328
1562035770,122339328
1562035771,122339328
1562035772,122339328
1562035773,122339328
1562035774,122339328
1562035775,122339328
1562035776,122339328
1562035777,122339328
1562035778,122339328
1562035779,122339328
1562035780,122339328
1562035781,122339328
1562035782,122339328
1562035783,122339328
1562035784,122339328
1562035785,122339328
1562035786,122339328
1562035787,122339328
1562035788,122339328
1562035789,122339328
1562035790,122339328
1562035791,122339328
1562035792,122339328
1562035793,122339328
1562035794,122339328
1562035795,122339328
1562035796,122339328
1562035797,122339328
1562035798,122339328
1562035799,122339328
1562035800,122339328
1562035801,122339328
1562035802,122339328
1562035803,122339328
1562035804,122339328
1562035805,122339328
1562035806,122339328
1562035807,122339328
1562035808,122339328
1562035809,122339328
1562035810,122339328
1562035811,122339328
1562035812,122339328
1562035813,122339328
1562035814,122339328
1562035815,122339328
1562035816,122339328
1562035817,122339328
1562035818,122339328
1562035819,122339328
1562035820,122339328
1562035821,122339328
1562035822,122339328
1562035823,122339328
1562035824,122339328
1562035825,122339328
1562035826,122339328
1562035827,122339328
1562035828,122339328
1562035829,122339328
1562035830,122339328
1562035831,122339328
1562035832,122339328
1562035833,122339328
1562035834,122339328
1562035835,122339328
1562035836,122339328
1562035837,122339328
1562035838,122339328
1562035839,122339328
1562035840,122339328
1562035841,122339328
1562035842,122339328
1562035843,122339328
1562035844,122339328
1562035845,122339328
1562035846,122339328
1562035847,122339328
1562035848,122339328
1562035849,122339328
1562035850,122339328
1562035851,122339328
1562035852,122339328
1562035853,122339328
1562035854,122339328
1562035855,122339328
1562035856,122339328
1562035857,122339328
1562035858,122339328
1562035859,122339328
1562035860,122339328
1562035861,122339328
1562035862,122339328
1562035863,122339328
1562035864,122339328
1562035865,122339328
1562035866,122339328
1562035867,122339328
1562035868,122339328
1562035869,122339328
1562035870,122339328
1562035871,122339328
1562035872,122339328
1562035873,122339328
1562035874,122339328
1562035875,122339328
1562035876,122339328
1562035877,122339328
1562035878,122339328
1562035879,122339328
1562035880,122339328
1562035881,122339328
1562035882,122339328
1562035883,122339328
1562035884,122339328
1562035885,122339328
1562035886,122339328
1562035887,122339328
1562035888,122339328
1562035889,122339328
1562035890,122339328
1562035891,122339328
1562035892,122339328
1562035893,122339328
1562035894,122339328
1562035895,122339328
1562035896,122339328
1562035897,122339328
1562035898,122339328
1562035899,122339328
1562035900,122339328
1562035901,122339328
1562035902,122339328
1562035903,122339328
1562035904,122339328
1562035905,122339328
1562035906,122339328
1562035907,122339328
1562035908,122339328
1562035909,122339328
1562035910,122339328
1562035911,122339328
1562035912,122339328
1562035913,122339328
1562035914,122339328
1562035915,122339328
1562035916,122339328
1562035917,122339328
1562035918,122339328
1562035919,122339328
1562035920,122339328
1562035921,122339328
1562035922,122339328
1562035923,122339328
1562035924,122339328
1562035925,122339328
1562035926,122339328
1562035927,122339328
1562035928,122339328
1562035929,122339328
1562035930,122339328
1562035931,122339328
1562035932,122339328
1562035933,122339328
1562035934,122339328
1562035935,122339328
1562035936,122339328
1562035937,122339328
1562035938,122339328
1562035939,122339328
1562035940,122339328
1562035941,122339328
1562035942,122339328
1562035943,122339328
1562035944,122339328
1562035945,122339328
1562035946,122339328
1562035947,122339328
1562035948,122339328
1562035949,122339328
1562035950,122339328
1562035951,122339328
1562035952,122339328
1562035953,122339328
1562035954,122339328
1562035955,122339328
1562035956,122339328
1562035957,122339328
1562035958,122339328
1562035959,122339328
1562035960,122339328
1562035961,122339328
1562035962,122339328
1562035963,122339328
1562035964,122339328
1562035965,122339328
1562035966,122339328
1562035967,122339328
1562035968,122339328
1562035969,122339328
1562035970,122339328
1562035971,122339328
1562035972,122339328
1562035973,122339328
1562035974,122339328
1562035975,122339328
1562035976,122339328
1562035977,122339328
1562035978,122339328
1562035979,122339328
1562035980,122339328
1562035981,122339328
1562035982,122339328
1562035983,122339328
1562035984,122339328
1562035985,122339328
1562035986,122339328
1562035987,122339328
1562035988,122339328
1562035989,122339328
1562035990,122339328
1562035991,122339328
1562035992,122339328
1562035993,122339328
1562035994,122339328
1562035995,122339328
1562035996,122339328
1562035997,122339328
1562035998,122339328
1562035999,122339328
1562036000,122339328
1562036001,122339328
1562036002,122339328
1562036003,122339328
1562036004,122339328
1562036005,122339328
1562036006,122339328
1562036007,122339328
1562036008,122339328
1562036009,122339328
1562036010,122339328
1562036011,122339328
1562036012,122339328
1562036013,122339328
1562036014,122339328
1562036015,122339328
1562036016,122339328
1562036017,122339328
1562036018,122339328
1562036019,122339328
1562036020,122339328
1562036021,122339328
1562036022,122339328
1562036023,122339328
1562036024,122339328
1562036025,122339328
1562036026,122339328
1562036027,122339328
1562036028,122339328
1562036029,122339328
1562036030,122339328
1562036031,122339328
1562036032,122339328
1562036033,122339328
1562036034,122339328
1562036035,122339328
1562036036,122339328
1562036037,122339328
1562036038,122339328
1562036039,122339328
1562036040,122339328
1562036041,122339328
1562036042,122339328
1562036043,122339328
1562036044,122339328
1562036045,122339328
1562036046,122339328
1562036047,122339328
1562036048,122339328
1562036049,122339328
1562036050,122339328
1562036051,122339328
1562036052,122339328
1562036053,122339328
1562036054,122339328
1562036055,122339328
1562036056,122339328
1562036057,122339328
1562036058,122339328
1562036059,122339328
1562036060,122339328
1562036061,122339328
1562036062,122339328
1562036063,122339328
1562036064,122339328
1562036065,122339328
1562036066,122339328
1562036067,122339328
1562036068,122339328
1562036069,122339328
1562036070,122339328
1562036071,122339328
1562036072,122339328
1562036073,122339328
1562036074,122339328
1562036075,122339328
1562036076,122339328
1562036077,122339328
1562036078,122339328
1562036079,122339328
1562036080,122339328
1562036081,122339328
1562036082,122339328
1562036083,122339328
1562036084,122339328
1562036085,122339328
1562036086,122339328
1562036087,122339328
1562036088,122339328
1562036089,122339328
1562036090,122339328
1562036091,122339328
1562036092,122339328
1562036093,122339328
1562036094,122339328
1562036095,122339328
1562036096,122339328
1562036097,122339328
1562036098,122339328
1562036099,122339328
1562036100,122339328
1562036101,122339328
1562036102,122339328
1562036103,122339328
1562036104,122339328
1562036105,122339328
1562036106,122339328
1562036107,122339328
1562036108,122339328
1562036109,122339328
1562036110,122339328
1562036111,122339328
1562036112,122339328
1562036113,122339328
1562036114,122339328
1562036115,122339328
1562036116,122339328
1562036117,122339328
1562036118,122339328
1562036119,122339328
1562036120,122339328
1562036121,122339328
1562036122,122339328
1562036123,122339328
1562036124,122339328
1562036125,122339328
1562036126,122339328
1562036127,122339328
1562036128,122339328
1562036129,122339328
1562036130,122339328
1562036131,122339328
1562036132,122339328
1562036133,122339328
1562036134,122339328
1562036135,122339328
1562036136,122339328
1562036137,122339328
1562036138,122339328
1562036139,122339328
1562036140,122339328
1562036141,122339328
1562036142,122339328
1562036143,122339328
1562036144,122339328
1562036145,122339328
1562036146,122339328
1562036147,122339328
1562036148,122339328
1562036149,122339328
1562036150,122339328
1562036151,122339328
1562036152,122339328
1562036153,122339328
1562036154,122339328
1562036155,122339328
1562036156,122339328
1562036157,122339328
1562036158,122339328
1562036159,122339328
1562036160,122339328
1562036161,122339328
1562036162,122339328
1562036163,122339328
1562036164,122339328
1562036165,122339328
1562036166,122339328
1562036167,122339328
1562036168,122339328
1562036169,122339328
1562036170,122339328
1562036171,122339328
1562036172,122339328
1562036173,122339328
1562036174,122339328
1562036175,122339328
1562036176,122339328
1562036177,122339328
1562036178,122339328
1562036179,122339328
1562036180,122339328
1562036181,122339328
1562036182,122339328
1562036183,122339328
1562036184,122339328
1562036185,122339328
1562036186,122339328
1562036187,122339328
1562036188,122339328
1562036189,122339328
1562036190,122339328
1562036191,122339328
1562036192,122339328
1562036193,122339328
1562036194,122339328
1562036195,122339328
1562036196,122339328
1562036197,122339328
1562036198,122339328
1562036199,122339328
1562036200,122339328
1562036201,122339328
1562036202,122339328
1562036203,122339328
1562036204,122339328
1562036205,122339328
1562036206,122339328
1562036207,122339328
1562036208,122339328
1562036209,122339328
1562036210,122339328
1562036211,122339328
1562036212,122339328
1562036213,122339328
1562036214,122339328
1562036215,122339328
1562036216,122339328
1562036217,122339328
1562036218,122339328
1562036219,122339328
1562036220,122339328
1562036221,122339328
1562036222,122339328
1562036223,122339328
1562036224,122339328
1562036225,122339328
1562036226,122339328
1562036227,122339328
1562036228,122339328
1562036229,122339328
1562036230,122339328
1562036231,122339328
1562036232,122339328
1562036233,122339328
1562036234,122339328
1562036235,122339328
1562036236,122339328
1562036237,122339328
1562036238,122339328
1562036239,122339328
1562036240,122339328
1562036241,122339328
1562036242,122339328
1562036243,122339328
1562036244,122339328
1562036245,122339328
1562036246,122339328
1562036247,122339328
1562036248,122339328
1562036249,122339328
1562036250,122339328
1562036251,122339328
1562036252,122339328
1562036253,122339328
1562036254,122339328
1562036255,122339328
1562036256,122339328
1562036257,122339328
1562036258,122339328
1562036259,122339328
1562036260,122339328
1562036261,122339328
1562036262,122339328
1562036263,122339328
1562036264,122339328
1562036265,122339328
1562036266,122339328
1562036267,122339328
1562036268,122339328
1562036269,122339328
1562036270,122339328
1562036271,122339328
1562036272,122339328
1562036273,122339328
1562036274,122339328
1562036275,122339328
1562036276,122339328
1562036277,122339328
1562036278,122339328
1562036279,122339328
1562036280,122339328
1562036281,122339328
1562036282,122339328
1562036283,122339328
1562036284,122339328
1562036285,122339328
1562036286,122339328
1562036287,122339328
1562036288,122339328
1562036289,122339328
1562036290,122339328
1562036291,122339328
1562036292,122339328
1562036293,122339328
1562036294,122339328
1562036295,122339328
1562036296,122339328
1562036297,122339328
1562036298,122339328
1562036299,122339328
1562036300,122339328
1562036301,122339328
1562036302,122339328
1562036303,122339328
1562036304,122339328
1562036305,122339328
1562036306,122339328
1562036307,122339328
1562036308,122339328
1562036309,122339328
1562036310,122339328
1562036311,122339328
1562036312,122339328
1562036313,122339328
1562036314,122339328
1562036315,122339328
1562036316,122339328
1562036317,122339328
1562036318,122339328
1562036319,122339328
1562036320,122339328
1562036321,122339328
1562036322,122339328
1562036323,122339328
1562036324,122339328
1562036325,122339328
1562036326,122339328
1562036327,122339328
1562036328,122339328
1562036329,122339328
1562036330,122339328
1562036331,122339328
1562036332,122339328
1562036333,122339328
1562036334,122339328
1562036335,122339328
1562036336,122339328
1562036337,122339328
1562036338,122339328
1562036339,122339328
1562036340,122339328
1562036341,122339328
1562036342,122339328
1562036343,122339328
1562036344,122339328
1562036345,122339328
1562036346,122339328
1562036347,122339328
1562036348,122339328
1562036349,122339328
1562036350,122339328
1562036351,122339328
1562036352,122339328
1562036353,122339328
1562036354,122339328
1562036355,122339328
1562036356,122339328
1562036357,122339328
1562036358,122339328
1562036359,122339328
1562036360,122339328
1562036361,122339328
1562036362,122339328
1562036363,122339328
1562036364,122339328
1562036365,122339328
1562036366,122339328
1562036367,122339328
1562036368,122339328
1562036369,122339328
1562036370,122339328
1562036371,122339328
1562036372,122339328
1562036373,122339328
1562036374,122339328
1562036375,122339328
1562036376,122339328
1562036377,122339328
1562036378,122339328
1562036379,122339328
1562036380,122339328
1562036381,122339328
1562036382,122339328
1562036383,122339328
1562036384,122339328
1562036385,122339328
1562036386,122339328
1562036387,122339328
1562036388,122339328
1562036389,122339328
1562036390,122339328
1562036391,122339328
1562036392,122339328
1562036393,122339328
1562036394,122339328
1562036395,122339328
1562036396,122339328
1562036397,122339328
1562036398,122339328
1562036399,122339328
1562036400,122339328
1562036401,122339328
1562036402,122339328
1562036403,122339328
1562036404,122339328
1562036405,122339328
1562036406,122339328
1562036407,122339328
1562036408,122339328
1562036409,122339328
1562036410,122339328
1562036411,122339328
1562036412,122339328
1562036413,122339328
1562036414,122339328
1562036415,122339328
1562036416,122339328
1562036417,122339328
1562036418,122339328
1562036419,122339328
1562036420,122339328
1562036421,122339328
1562036422,122339328
1562036423,122339328
1562036424,122339328
1562036425,122339328
1562036426,122339328
1562036427,122339328
1562036428,122339328
1562036429,122339328
1562036430,122339328
1562036431,122339328
1562036432,122339328
1562036433,122339328
1562036434,122339328
1562036435,122339328
1562036436,122339328
1562036437,122339328
1562036438,122339328
1562036439,122339328
1562036440,122339328
1562036441,122339328
1562036442,122339328
1562036443,122339328
1562036444,122339328
1562036445,122339328
1562036446,122339328
1562036447,122339328
1562036448,122339328
1562036449,122339328
1562036450,122339328
1562036451,122339328
1562036452,122339328
1562036453,122339328
1562036454,122339328
1562036455,122339328
1562036456,122339328
1562036457,122339328
1562036458,122339328
1562036459,122339328
1562036460,122339328
1562036461,122339328
1562036462,122339328
1562036463,122339328
1562036464,122339328
1562036465,122339328
1562036466,122339328
1562036467,122339328
1562036468,122339328
1562036469,122339328
1562036470,122339328
1562036471,122339328
1562036472,122339328
1562036473,122339328
1562036474,122339328
1562036475,122339328
1562036476,122339328
1562036477,122339328
1562036478,122339328
1562036479,122339328
1562036480,122339328
1562036481,122339328
1562036482,122339328
1562036483,122339328
1562036484,122339328
1562036485,122339328
1562036486,122339328
1562036487,122339328
1562036488,122339328
1562036489,122339328
1562036490,122339328
1562036491,122339328
1562036492,122339328
1562036493,122339328
1562036494,122339328
1562036495,122339328
1562036496,122339328
1562036497,122339328
1562036498,122339328
1562036499,122339328
1562036500,122339328
1562036501,122339328
1562036502,122339328
1562036503,122339328
1562036504,122339328
1562036505,122339328
1562036506,122339328
1562036507,122339328
1562036508,122339328
1562036509,122339328
1562036510,122339328
1562036511,122339328
1562036512,122339328
1562036513,122339328
1562036514,122339328
1562036515,122339328
1562036516,122339328
1562036517,122339328
1562036518,122339328
1562036519,122339328
1562036520,122339328
1562036521,122339328
1562036522,122339328
1562036523,122339328
1562036524,122339328
1562036525,122339328
1562036526,122339328
1562036527,122339328
1562036528,122339328
1562036529,122339328
1562036530,122339328
1562036531,122339328
1562036532,122339328
1562036533,122339328
1562036534,122339328
1562036535,122339328
1562036536,122339328
1562036537,122339328
1562036538,122339328
1562036539,122339328
1562036540,122339328
1562036541,122339328
1562036542,122339328
1562036543,122339328
1562036544,122339328
1562036545,122339328
1562036546,122339328
1562036547,122339328
1562036548,122339328
1562036549,122339328
1562036550,122339328
1562036551,122339328
1562036552,122339328
1562036553,122339328
1562036554,122339328
1562036555,122339328
1562036556,122339328
1562036557,122339328
1562036558,122339328
1562036559,122339328
1562036560,122339328
1562036561,122339328
1562036562,122339328
1562036563,122339328
1562036564,122339328
1562036565,122339328
1562036566,122339328
1562036567,122339328
1562036568,122339328
1562036569,122339328
1562036570,122339328
1562036571,122339328
1562036572,122339328
1562036573,122339328
1562036574,122339328
1562036575,122339328
1562036576,122339328
1562036577,122339328
1562036578,122339328
1562036579,122339328
1562036580,122339328
1562036581,122339328
1562036582,122339328
1562036583,122339328
1562036584,122339328
1562036585,122339328
1562036586,122339328
1562036587,122339328
1562036588,122339328
1562036589,122339328
1562036590,122339328
1562036591,122339328
1562036592,122339328
1562036593,122339328
1562036594,122339328
1562036595,122339328
1562036596,122339328
1562036597,122339328
1562036598,122339328
1562036599,122339328
1562036600,122339328
1562036601,122339328
1562036602,122339328
1562036603,122339328
1562036604,122339328
1562036605,122339328
1562036606,122339328
1562036607,122339328
1562036608,122339328
1562036609,122339328
1562036610,122339328
1562036611,122339328
1562036612,122339328
1562036613,122339328
1562036614,122339328
1562036615,122339328
1562036616,122339328
1562036617,122339328
1562036618,122339328
1562036619,122339328
1562036620,122339328
1562036621,122339328
1562036622,122339328
1562036623,122339328
1562036624,122339328
1562036625,122339328
1562036626,122339328
1562036627,122339328
1562036628,122339328
1562036629,122339328
1562036630,122339328
1562036631,122339328
1562036632,122339328
1562036633,122339328
1562036634,122339328
1562036635,122339328
1562036636,122339328
1562036637,122339328
1562036638,122339328
1562036639,122339328
1562036640,122339328
1562036641,122339328
1562036642,122339328
1562036643,122339328
1562036644,122339328
1562036645,122339328
1562036646,122339328
1562036647,122339328
1562036648,122339328
1562036649,122339328
1562036650,122339328
1562036651,122339328
1562036652,122339328
1562036653,122339328
1562036654,122339328
1562036655,122339328
1562036656,122339328
1562036657,122339328
1562036658,122339328
1562036659,122339328
1562036660,122339328
1562036661,122339328
1562036662,122339328
1562036663,122339328
1562036664,122339328
1562036665,122339328
1562036666,122339328
1562036667,122339328
1562036668,122339328
1562036669,122339328
1562036670,122339328
1562036671,122339328
1562036672,122339328
1562036673,122339328
1562036674,122339328
1562036675,122339328
1562036676,122339328
1562036677,122339328
1562036678,122339328
1562036679,122339328
1562036680,122339328
1562036681,122339328
1562036682,122339328
1562036683,122339328
1562036684,122339328
1562036685,122339328
1562036686,122339328
1562036687,122339328
1562036688,122339328
1562036689,122339328
1562036690,122339328
1562036691,122339328
1562036692,122339328
1562036693,122339328
1562036694,122339328
1562036695,122339328
1562036696,122339328
1562036697,122339328
1562036698,122339328
1562036699,122339328
1562036700,122339328
1562036701,122339328
1562036702,122339328
1562036703,122339328
1562036704,122339328
1562036705,122339328
1562036706,122339328
1562036707,122339328
1562036708,122339328
1562036709,122339328
1562036710,122339328
1562036711,122339328
1562036712,122339328
1562036713,122339328
1562036714,122339328
1562036715,122339328
1562036716,122339328
1562036717,122339328
1562036718,122339328
1562036719,122339328
1562036720,122339328
1562036721,122339328
1562036722,122339328
1562036723,122339328
1562036724,122339328
1562036725,122339328
1562036726,122339328
1562036727,122339328
1562036728,122339328
1562036729,122339328
1562036730,122339328
1562036731,122339328
1562036732,122339328
1562036733,122339328
1562036734,122339328
1562036735,122339328
1562036736,122339328
1562036737,122339328
1562036738,122339328
1562036739,122339328
1562036740,122339328
1562036741,122339328
1562036742,122339328
1562036743,122339328
1562036744,122339328
1562036745,122339328
1562036746,122339328
1562036747,122339328
1562036748,122339328
1562036749,122339328
1562036750,122339328
1562036751,122339328
1562036752,122339328
1562036753,122339328
1562036754,122339328
1562036755,122339328
1562036756,122339328
1562036757,122339328
1562036758,122339328
1562036759,122339328
1562036760,122339328
1562036761,122339328
1562036762,122339328
1562036763,122339328
1562036764,122339328
1562036765,122339328
1562036766,122339328
1562036767,122339328
1562036768,122339328
1562036769,122339328
1562036770,122339328
1562036771,122339328
1562036772,122339328
1562036773,122339328
1562036774,122339328
1562036775,122339328
1562036776,122339328
1562036777,122339328
1562036778,122339328
1562036779,122339328
1562036780,122339328
1562036781,122339328
1562036782,122339328
1562036783,122339328
1562036784,122339328
1562036785,122339328
1562036786,122339328
1562036787,122339328
1562036788,122339328
1562036789,122339328
1562036790,122339328
1562036791,122339328
1562036792,122339328
1562036793,122339328
1562036794,122339328
1562036795,122339328
1562036796,122339328
1562036797,122339328
1562036798,122339328
1562036799,122339328
1562036800,122339328
1562036801,122339328
1562036802,122339328
1562036803,122339328
1562036804,122339328
1562036805,122339328
1562036806,122339328
1562036807,122339328
1562036808,122339328
1562036809,122339328
1562036810,122339328
1562036811,122339328
1562036812,122339328
1562036813,122339328
1562036814,122339328
1562036815,122339328
1562036816,122339328
1562036817,122339328
1562036818,122339328
1562036819,122339328
1562036820,122339328
1562036821,122339328
1562036822,122339328
1562036823,122339328
1562036824,122339328
1562036825,122339328
1562036826,122339328
1562036827,122339328
1562036828,122339328
1562036829,122339328
1562036830,122339328
1562036831,122339328
1562036832,122339328
1562036833,122339328
1562036834,122339328
1562036835,122339328
1562036836,122339328
1562036837,122339328
1562036838,122339328
1562036839,122339328
1562036840,122339328
1562036841,122339328
1562036842,122339328
1562036843,122339328
1562036844,122339328
1562036845,122339328
1562036846,122339328
1562036847,122339328
1562036848,122339328
1562036849,122339328
1562036850,122339328
1562036851,122339328
1562036852,122339328
1562036853,122339328
1562036854,122339328
1562036855,122339328
1562036856,122339328
1562036857,122339328
1562036858,122339328
1562036859,122339328
1562036860,122339328
1562036861,122339328
1562036862,122339328
1562036863,122339328
1562036864,122339328
1562036865,122339328
1562036866,122339328
1562036867,122339328
1562036868,122339328
1562036869,122339328
1562036870,122339328
1562036871,122339328
1562036872,122339328
1562036873,122339328
1562036874,122339328
1562036875,122339328
1562036876,122339328
1562036877,122339328
1562036878,122339328
1562036879,122339328
1562036880,122339328
1562036881,122339328
1562036882,122339328
1562036883,122339328
1562036884,122339328
1562036885,122339328
1562036886,122339328
1562036887,122339328
1562036888,122339328
1562036889,122339328
1562036890,122339328
1562036891,122339328
1562036892,122339328
1562036893,122339328
1562036894,122339328
1562036895,122339328
1562036896,122339328
1562036897,122339328
1562036898,122339328
1562036899,122339328
1562036900,122339328
1562036901,122339328
1562036902,122339328
1562036903,122339328
1562036904,122339328
1562036905,122339328
1562036906,122339328
1562036907,122339328
1562036908,122339328
1562036909,122339328
1562036910,122339328
1562036911,122339328
1562036912,122339328
1562036913,122339328
1562036914,122339328
1562036915,122339328
1562036916,122339328
1562036917,122339328
1562036918,122339328
1562036919,122339328
1562036920,122339328
1562036921,122339328
1562036922,122339328
1562036923,122339328
1562036924,122339328
1562036925,122339328
1562036926,122339328
1562036927,122339328
1562036928,122339328
1562036929,122339328
1562036930,122339328
1562036931,122339328
1562036932,122339328
1562036933,122339328
1562036934,122339328
1562036935,122339328
1562036936,122339328
1562036937,122339328
1562036938,122339328
1562036939,122339328
1562036940,122339328
1562036941,122339328
1562036942,122339328
1562036943,122339328
1562036944,122339328
1562036945,122339328
1562036946,122339328
1562036947,122339328
1562036948,122339328
1562036949,122339328
1562036950,122339328
1562036951,122339328
1562036952,122339328
1562036953,122339328
1562036954,122339328
1562036955,122339328
1562036956,122339328
1562036957,122339328
1562036958,122339328
1562036959,122339328
1562036960,122339328
1562036961,122339328
1562036962,122339328
1562036963,122339328
1562036964,122339328
1562036965,122339328
1562036966,122339328
1562036967,122339328
1562036968,122339328
1562036969,122339328
1562036970,122339328
1562036971,122339328
1562036972,122339328
1562036973,122339328
1562036974,122339328
1562036975,122339328
1562036976,122339328
1562036977,122339328
1562036978,122339328
1562036979,122339328
1562036980,122339328
1562036981,122339328
1562036982,122339328
1562036983,122339328
1562036984,122339328
1562036985,122339328
1562036986,122339328
1562036987,122339328
1562036988,122339328
1562036989,122339328
1562036990,122339328
1562036991,122339328
1562036992,122339328
1562036993,122339328
1562036994,122339328
1562036995,122339328
1562036996,122339328
1562036997,122339328
1562036998,122339328
1562036999,122339328
1562037000,122339328
1562037001,122339328
1562037002,122339328
1562037003,122339328
1562037004,122339328
1562037005,122339328
1562037006,122339328
1562037007,122339328
1562037008,122339328
1562037009,122339328
1562037010,122339328
1562037011,122339328
1562037012,122339328
1562037013,122339328
1562037014,122339328
1562037015,122339328
1562037016,122339328
1562037017,122339328
1562037018,122339328
1562037019,122339328
1562037020,122339328
1562037021,122339328
1562037022,122339328
1562037023,122339328
1562037024,122339328
1562037025,122339328
1562037026,122339328
1562037027,122339328
1562037028,122339328
1562037029,122339328
1562037030,122339328
1562037031,122339328
1562037032,122339328
1562037033,122339328
1562037034,122339328
1562037035,122339328
1562037036,122339328
1562037037,122339328
1562037038,122339328
1562037039,122339328
1562037040,122339328
1562037041,122339328
1562037042,122339328
1562037043,122339328
1562037044,122339328
1562037045,122339328
1562037046,122339328
1562037047,122339328
1562037048,122339328
1562037049,122339328
1562037050,122339328
1562037051,122339328
1562037052,122339328
1562037053,122339328
1562037054,122339328
1562037055,122339328
1562037056,122339328
1562037057,122339328
1562037058,122339328
1562037059,122339328
1562037060,122339328
1562037061,122339328
1562037062,122339328
1562037063,122339328
1562037064,122339328
1562037065,122339328
1562037066,122339328
1562037067,122339328
1562037068,122339328
1562037069,122339328
1562037070,122339328
1562037071,122339328
1562037072,122339328
1562037073,122339328
1562037074,122339328
1562037075,122339328
1562037076,122339328
1562037077,122339328
1562037078,122339328
1562037079,122339328
1562037080,122339328
1562037081,122339328
1562037082,122339328
1562037083,122339328
1562037084,122339328
1562037085,122339328
1562037086,122339328
1562037087,122339328
1562037088,122339328
1562037089,122339328
1562037090,122339328
1562037091,122339328
1562037092,122339328
1562037093,122339328
1562037094,122339328
1562037095,122339328
1562037096,122339328
1562037097,122339328
1562037098,122339328
1562037099,122339328
1562037100,122339328
1562037101,122339328
1562037102,122339328
1562037103,122339328
1562037104,122339328
1562037105,122339328
1562037106,122339328
1562037107,122339328
1562037108,122339328
1562037109,122339328
1562037110,122339328
1562037111,122339328
1562037112,122339328
1562037113,122339328
1562037114,122339328
1562037115,122339328
1562037116,122339328
1562037117,122339328
1562037118,122339328
1562037119,122339328
1562037120,122339328
1562037121,122339328
1562037122,122339328
1562037123,122339328
1562037124,122339328
1562037125,122339328
1562037126,122339328
1562037127,122339328
1562037128,122339328
1562037129,122339328
1562037130,122339328
1562037131,122339328
1562037132,122339328
1562037133,122339328
1562037134,122339328
1562037135,122339328
1562037136,122339328
1562037137,122339328
1562037138,122339328
1562037139,122339328
1562037140,122339328
1562037141,122339328
1562037142,122339328
1562037143,122339328
1562037144,122339328
1562037145,122339328
1562037146,122339328
1562037147,122339328
1562037148,122339328
1562037149,122339328
1562037150,122339328
1562037151,122339328
1562037152,122339328
1562037153,122339328
1562037154,122339328
1562037155,122339328
1562037156,122339328
1562037157,122339328
1562037158,122339328
1562037159,122339328
1562037160,122339328
1562037161,122339328
1562037162,122339328
1562037163,122339328
1562037164,122339328
1562037165,122339328
1562037166,122339328
1562037167,122339328
1562037168,122339328
1562037169,122339328
1562037170,122339328
1562037171,122339328
1562037172,122339328
1562037173,122339328
1562037174,122339328
1562037175,122339328
1562037176,122339328
1562037177,122339328
1562037178,122339328
1562037179,122339328
1562037180,122339328
1562037181,122339328
1562037182,122339328
1562037183,122339328
1562037184,122339328
1562037185,122339328
1562037186,122339328
1562037187,122339328
1562037188,122339328
1562037189,122339328
1562037190,122339328
1562037191,122339328
1562037192,122339328
1562037193,122339328
1562037194,122339328
1562037195,122339328
1562037196,122339328
1562037197,122339328
1562037198,122339328
1562037199,122339328
1562037200,122339328
1562037201,122339328
1562037202,122339328
1562037203,122339328
1562037204,122339328
1562037205,122339328
1562037206,122339328
1562037207,122339328
1562037208,122339328
1562037209,122339328
1562037210,122339328
1562037211,122339328
1562037212,122339328
1562037213,122339328
1562037214,122339328
1562037215,122339328
1562037216,122339328
1562037217,122339328
1562037218,122339328
1562037219,122339328
1562037220,122339328
1562037221,122339328
1562037222,122339328
1562037223,122339328
1562037224,122339328
1562037225,122339328
1562037226,122339328
1562037227,122339328
1562037228,122339328
1562037229,122339328
1562037230,122339328
1562037231,122339328
1562037232,122339328
1562037233,122339328
1562037234,122339328
1562037235,122339328
1562037236,122339328
1562037237,122339328
1562037238,122339328
1562037239,122339328
1562037240,122339328
1562037241,122339328
1562037242,122339328
1562037243,122339328
1562037244,122339328
1562037245,122339328
1562037246,122339328
1562037247,122339328
1562037248,122339328
1562037249,122339328
1562037250,122339328
1562037251,122339328
1562037252,122339328
1562037253,122339328
1562037254,122339328
1562037255,122339328
1562037256,122339328
1562037257,122339328
1562037258,122339328
1562037259,122339328
1562037260,122339328
1562037261,122339328
1562037262,122339328
1562037263,122339328
1562037264,122339328
1562037265,122339328
1562037266,122339328
1562037267,122339328
1562037268,122339328
1562037269,122339328
1562037270,122339328
1562037271,122339328
1562037272,122339328
1562037273,122339328
1562037274,122339328
1562037275,122339328
1562037276,122339328
1562037277,122339328
1562037278,122339328
1562037279,122339328
1562037280,122339328
1562037281,122339328
1562037282,122339328
1562037283,122339328
1562037284,122339328
1562037285,122339328
1562037286,122339328
1562037287,122339328
1562037288,122339328
1562037289,122339328
1562037290,122339328
1562037291,122339328
1562037292,122339328
1562037293,122339328
1562037294,122339328
1562037295,122339328
1562037296,122339328
1562037297,122339328
1562037298,122339328
1562037299,122339328
1562037300,122339328
1562037301,122339328
1562037302,122339328
1562037303,122339328
1562037304,122339328
1562037305,122339328
1562037306,122339328
1562037307,122339328
1562037308,122339328
1562037309,122339328
1562037310,122339328
1562037311,122339328
1562037312,122339328
1562037313,122339328
1562037314,122339328
1562037315,122339328
1562037316,122339328
1562037317,122339328
1562037318,122339328
1562037319,122339328
1562037320,122339328
1562037321,122339328
1562037322,122339328
1562037323,122339328
1562037324,122339328
1562037325,122339328
1562037326,122339328
1562037327,122339328
1562037328,122339328
1562037329,122339328
1562037330,122339328
1562037331,122339328
1562037332,122339328
1562037333,122339328
1562037334,122339328
1562037335,122339328
1562037336,122339328
1562037337,122339328
1562037338,122339328
1562037339,122339328
1562037340,122339328
1562037341,122339328
1562037342,122339328
1562037343,122339328
1562037344,122339328
1562037345,122339328
1562037346,122339328
1562037347,122339328
1562037348,122339328
1562037349,122339328
1562037350,122339328
1562037351,122339328
1562037352,122339328
1562037353,122339328
1562037354,122339328
1562037355,122339328
1562037356,122339328
1562037357,122339328
1562037358,122339328
1562037359,122339328
1562037360,122339328
1562037361,122339328
1562037362,122339328
1562037363,122339328
1562037364,122339328
1562037365,122339328
1562037366,122339328
1562037367,122339328
1562037368,122339328
1562037369,122339328
1562037370,122339328
1562037371,122339328
1562037372,122339328
1562037373,122339328
1562037374,122339328
1562037375,122339328
1562037376,122339328
1562037377,122339328
1562037378,122339328
1562037379,122339328
1562037380,122339328
1562037381,122339328
1562037382,122339328
1562037383,122339328
1562037384,122339328
1562037385,122339328
1562037386,122339328
1562037387,122339328
1562037388,122339328
1562037389,122339328
1562037390,122339328
1562037391,122339328
1562037392,122339328
1562037393,122339328
1562037394,122339328
1562037395,122339328
1562037396,122339328
1562037397,122339328
1562037398,122339328
1562037399,122339328
1562037400,122339328
1562037401,122339328
1562037402,122339328
1562037403,122339328
1562037404,122339328
1562037405,122339328
1562037406,122339328
1562037407,122339328
1562037408,122339328
1562037409,122339328
1562037410,122339328
1562037411,122339328
1562037412,122339328
1562037413,122339328
1562037414,122339328
1562037415,122339328
1562037416,122339328
1562037417,122339328
1562037418,122339328
1562037419,122339328
1562037420,122339328
1562037421,122339328
1562037422,122339328
1562037423,122339328
1562037424,122339328
1562037425,122339328
1562037426,122339328
1562037427,122339328
1562037428,122339328
1562037429,122339328
1562037430,122339328
1562037431,122339328
1562037432,122339328
1562037433,122339328
1562037434,122339328
1562037435,122339328
1562037436,122339328
1562037437,122339328
1562037438,122339328
1562037439,122339328
1562037440,122339328
1562037441,122339328
1562037442,122339328
1562037443,122339328
1562037444,122339328
1562037445,122339328
1562037446,122339328
1562037447,122339328
1562037448,122339328
1562037449,122339328
1562037450,122339328
1562037451,122339328
1562037452,122339328
1562037453,122339328
1562037454,122339328
1562037455,122339328
1562037456,122339328
1562037457,122339328
1562037458,122339328
1562037459,122339328
1562037460,122339328
1562037461,122339328
1562037462,122339328
1562037463,122339328
1562037464,122339328
1562037465,122339328
1562037466,122339328
1562037467,122339328
1562037468,122339328
1562037469,122339328
1562037470,122339328
1562037471,122339328
1562037472,122339328
1562037473,122339328
1562037474,122339328
1562037475,122339328
1562037476,122339328
1562037477,122339328
1562037478,122339328
1562037479,122339328
1562037480,122339328
1562037481,122339328
1562037482,122339328
1562037483,122339328
1562037484,122339328
1562037485,122339328
1562037486,122339328
1562037487,122339328
1562037488,122339328
1562037489,122339328
1562037490,122339328
1562037491,122339328
1562037492,122339328
1562037493,122339328
1562037494,122339328
1562037495,122339328
1562037496,122339328
1562037497,122339328
1562037498,122339328
1562037499,122339328
1562037500,122339328
1562037501,122339328
1562037502,122339328
1562037503,122339328
1562037504,122339328
1562037505,122339328
1562037506,122339328
1562037507,122339328
1562037508,122339328
1562037509,122339328
1562037510,122339328
1562037511,122339328
1562037512,122339328
1562037513,122339328
1562037514,122339328
1562037515,122339328
1562037516,122339328
1562037517,122339328
1562037518,122339328
1562037519,122339328
1562037520,122339328
1562037521,122339328
1562037522,122339328
1562037523,122339328
1562037524,122339328
1562037525,122339328
1562037526,122339328
1562037527,122339328
1562037528,122339328
1562037529,122339328
1562037530,122339328
1562037531,122339328
1562037532,122339328
1562037533,122339328
1562037534,122339328
1562037535,122339328
1562037536,122339328
1562037537,122339328
1562037538,122339328
1562037539,122339328
1562037540,122339328
1562037541,122339328
1562037542,122339328
1562037543,122339328
1562037544,122339328
1562037545,122339328
1562037546,122339328
1562037547,122339328
1562037548,122339328
1562037549,122339328
1562037550,122339328
1562037551,122339328
1562037552,122339328
1562037553,122339328
1562037554,122339328
1562037555,122339328
1562037556,122339328
1562037557,122339328
1562037558,122339328
1562037559,122339328
1562037560,122339328
1562037561,122339328
1562037562,122339328
1562037563,122339328
1562037564,122339328
1562037565,122339328
1562037566,122339328
1562037567,122339328
1562037568,122339328
1562037569,122339328
1562037570,122339328
1562037571,122339328
1562037572,122339328
1562037573,122339328
1562037574,122339328
1562037575,122339328
1562037576,122339328
1562037577,122339328
1562037578,122339328
1562037579,122339328
1562037580,122339328
1562037581,122339328
1562037582,122339328
1562037583,122339328
1562037584,122339328
1562037585,122339328
1562037586,122339328
1562037587,122339328
1562037588,122339328
1562037589,122339328
1562037590,122339328
1562037591,122339328
1562037592,122339328
1562037593,122339328
1562037594,122339328
1562037595,122339328
1562037596,122339328
1562037597,122339328
1562037598,122339328
1562037599,122339328
1562037600,122339328
1562037601,122339328
1562037602,122339328
1562037603,122339328
1562037604,122339328
1562037605,122339328
1562037606,122339328
1562037607,122339328
1562037608,122339328
1562037609,122339328
1562037610,122339328
1562037611,122339328
1562037612,122339328
1562037613,122339328
1562037614,122339328
1562037615,122339328
1562037616,122339328
1562037617,122339328
1562037618,122339328
1562037619,122339328
1562037620,122339328
1562037621,122339328
1562037622,122339328
1562037623,122339328
1562037624,122339328
1562037625,122339328
1562037626,122339328
1562037627,122339328
1562037628,122339328
1562037629,122339328
1562037630,122339328
1562037631,122339328
1562037632,122339328
1562037633,122339328
1562037634,122339328
1562037635,122339328
1562037636,122339328
1562037637,122339328
1562037638,122339328
1562037639,122339328
1562037640,122339328
1562037641,122339328
1562037642,122339328
1562037643,122339328
1562037644,122339328
1562037645,122339328
1562037646,122339328
1562037647,122339328
1562037648,122339328
1562037649,122339328
1562037650,122339328
1562037651,122339328
1562037652,122339328
1562037653,122339328
1562037654,122339328
1562037655,122339328
1562037656,122339328
1562037657,122339328
1562037658,122339328
1562037659,122339328
1562037660,122339328
1562037661,122339328
1562037662,122339328
1562037663,122339328
1562037664,122339328
1562037665,122339328
1562037666,122339328
1562037667,122339328
1562037668,122339328
1562037669,122339328
1562037670,122339328
1562037671,122339328
1562037672,122339328
1562037673,122339328
1562037674,122339328
1562037675,122339328
1562037676,122339328
1562037677,122339328
1562037678,122339328
1562037679,122339328
1562037680,122339328
1562037681,122339328
1562037682,122339328
1562037683,122339328
1562037684,122339328
1562037685,122339328
1562037686,122339328
1562037687,122339328
1562037688,122339328
1562037689,122339328
1562037690,122339328
1562037691,122339328
1562037692,122339328
1562037693,122339328
1562037694,122339328
1562037695,122339328
1562037696,122339328
1562037697,122339328
1562037698,122339328
1562037699,122339328
1562037700,122339328
1562037701,122339328
1562037702,122339328
1562037703,122339328
1562037704,122339328
1562037705,122339328
1562037706,122339328
1562037707,122339328
1562037708,122339328
1562037709,122339328
1562037710,122339328
1562037711,122339328
1562037712,122339328
1562037713,122339328
1562037714,122339328
1562037715,122339328
1562037716,122339328
1562037717,122339328
1562037718,122339328
1562037719,122339328
1562037720,122339328
1562037721,122339328
1562037722,122339328
1562037723,122339328
1562037724,122339328
1562037725,122339328
1562037726,122339328
1562037727,122339328
1562037728,122339328
1562037729,122339328
1562037730,122339328
1562037731,122339328
1562037732,122339328
1562037733,122339328
1562037734,122339328
1562037735,122339328
1562037736,122339328
1562037737,122339328
1562037738,122339328
1562037739,122339328
1562037740,122339328
1562037741,122339328
1562037742,122339328
1562037743,122339328
1562037744,122339328
1562037745,122339328
1562037746,122339328
1562037747,122339328
1562037748,122339328
1562037749,122339328
1562037750,122339328
1562037751,122339328
1562037752,122339328
1562037753,122339328
1562037754,122339328
1562037755,122339328
1562037756,122339328
1562037757,122339328
1562037758,122339328
1562037759,122339328
1562037760,122339328
1562037761,122339328
1562037762,122339328
1562037763,122339328
1562037764,122339328
1562037765,122339328
1562037766,122339328
1562037767,122339328
1562037768,122339328
1562037769,122339328
1562037770,122339328
1562037771,122339328
1562037772,122339328
1562037773,122339328
1562037774,122339328
1562037775,122339328
1562037776,122339328
1562037777,122339328
1562037778,122339328
1562037779,122339328
1562037780,122339328
1562037781,122339328
1562037782,122339328
1562037783,122339328
1562037784,122339328
1562037785,122339328
1562037786,122339328
1562037787,122339328
1562037788,122339328
1562037789,122339328
1562037790,122339328
1562037791,122339328
1562037792,122339328
1562037793,122339328
1562037794,122339328
1562037795,122339328
1562037796,122339328
1562037797,122339328
1562037798,122339328
1562037799,122339328
1562037800,122339328
1562037801,122339328
1562037802,122339328
1562037803,122339328
1562037804,122339328
1562037805,122339328
1562037806,122339328
1562037807,122339328
1562037808,122339328
1562037809,122339328
1562037810,122339328
1562037811,122339328
1562037812,122339328
1562037813,122339328
1562037814,122339328
1562037815,122339328
1562037816,122339328
1562037817,122339328
1562037818,122339328
1562037819,122339328
1562037820,122339328
1562037821,122339328
1562037822,122339328
1562037823,122339328
1562037824,122339328
1562037825,122339328
1562037826,122339328
1562037827,122339328
1562037828,122339328
1562037829,122339328
1562037830,122339328
1562037831,122339328
1562037832,122339328
1562037833,122339328
1562037834,122339328
1562037835,122339328
1562037836,122339328
1562037837,122339328
1562037838,122339328
1562037839,122339328
1562037840,122339328
1562037841,122339328
1562037842,122339328
1562037843,122339328
1562037844,122339328
1562037845,122339328
1562037846,122339328
1562037847,122339328
1562037848,122339328
1562037849,122339328
1562037850,122339328
1562037851,122339328
1562037852,122339328
1562037853,122339328
1562037854,122339328
1562037855,122339328
1562037856,122339328
1562037857,122339328
1562037858,122339328
1562037859,122339328
1562037860,122339328
1562037861,122339328
1562037862,122339328
1562037863,122339328
1562037864,122339328
1562037865,122339328
1562037866,122339328
1562037867,122339328
1562037868,122339328
1562037869,122339328
1562037870,122339328
1562037871,122339328
1562037872,122339328
1562037873,122339328
1562037874,122339328
1562037875,122339328
1562037876,122339328
1562037877,122339328
1562037878,122339328
1562037879,122339328
1562037880,122339328
1562037881,122339328
1562037882,122339328
1562037883,122339328
1562037884,122339328
1562037885,122339328
1562037886,122339328
1562037887,122339328
1562037888,122339328
1562037889,122339328
1562037890,122339328
1562037891,122339328
1562037892,122339328
1562037893,122339328
1562037894,122339328
1562037895,122339328
1562037896,122339328
1562037897,122339328
1562037898,122339328
1562037899,122339328
1562037900,122339328
1562037901,122339328
1562037902,122339328
1562037903,122339328
1562037904,122339328
1562037905,122339328
1562037906,122339328
1562037907,122339328
1562037908,122339328
1562037909,122339328
1562037910,122339328
1562037911,122339328
1562037912,122339328
1562037913,122339328
1562037914,122339328
1562037915,122339328
1562037916,122339328
1562037917,122339328
1562037918,122339328
1562037919,122339328
1562037920,122339328
1562037921,122339328
1562037922,122339328
1562037923,122339328
1562037924,122339328
1562037925,122339328
1562037926,122339328
1562037927,122339328
1562037928,122339328
1562037929,122339328
1562037930,122339328
1562037931,122339328
1562037932,122339328
1562037933,122339328
1562037934,122339328
1562037935,122339328
1562037936,122339328
1562037937,122339328
1562037938,122339328
1562037939,122339328
1562037940,122339328
1562037941,122339328
1562037942,122339328
1562037943,122339328
1562037944,122339328
1562037945,122339328
1562037946,122339328
1562037947,122339328
1562037948,122339328
1562037949,122339328
1562037950,122339328
1562037951,122339328
1562037952,122339328
1562037953,122339328
1562037954,122339328
1562037955,122339328
1562037956,122339328
1562037957,122339328
1562037958,122339328
1562037959,122339328
1562037960,122339328
1562037961,122339328
1562037962,122339328
1562037963,122339328
1562037964,122339328
1562037965,122339328
1562037966,122339328
1562037967,122339328
1562037968,122339328
1562037969,122339328
1562037970,122339328
1562037971,122339328
1562037972,122339328
1562037973,122339328
1562037974,122339328
1562037975,122339328
1562037976,122339328
1562037977,122339328
1562037978,122339328
1562037979,122339328
1562037980,122339328
1562037981,122339328
1562037982,122339328
1562037983,122339328
1562037984,122339328
1562037985,122339328
1562037986,122339328
1562037987,122339328
1562037988,122339328
1562037989,122339328
1562037990,122339328
1562037991,122339328
1562037992,122339328
1562037993,122339328
1562037994,122339328
1562037995,122339328
1562037996,122339328
1562037997,122339328
1562037998,122339328
1562037999,122339328
1562038000,122339328
1562038001,122339328
1562038002,122339328
1562038003,122339328
1562038004,122339328
1562038005,122339328
1562038006,122339328
1562038007,122339328
1562038008,122339328
1562038009,122339328
1562038010,122339328
1562038011,122339328
1562038012,122339328
1562038013,122339328
1562038014,122339328
1562038015,122339328
1562038016,122339328
1562038017,122339328
1562038018,122339328
1562038019,122339328
1562038020,122339328
1562038021,122339328
1562038022,122339328
1562038023,122339328
1562038024,122339328
1562038025,122339328
1562038026,122339328
1562038027,122339328
1562038028,122339328
1562038029,122339328
1562038030,122339328
1562038031,122339328
1562038032,122339328
1562038033,122339328
1562038034,122339328
1562038035,122339328
1562038036,122339328
1562038037,122339328
1562038038,122339328
1562038039,122339328
1562038040,122339328
1562038041,122339328
1562038042,122339328
1562038043,122339328
1562038044,122339328
1562038045,122339328
1562038046,122339328
1562038047,122339328
1562038048,122339328
1562038049,122339328
1562038050,122339328
1562038051,122339328
1562038052,122339328
1562038053,122339328
1562038054,122339328
1562038055,122339328
1562038056,122339328
1562038057,122339328
1562038058,122339328
1562038059,122339328
1562038060,122339328
1562038061,122339328
1562038062,122339328
1562038063,122339328
1562038064,122339328
1562038065,122339328
1562038066,122339328
1562038067,122339328
1562038068,122339328
1562038069,122339328
1562038070,122339328
1562038071,122339328
1562038072,122339328
1562038073,122339328
1562038074,122339328
1562038075,122339328
1562038076,122339328
1562038077,122339328
1562038078,122339328
1562038079,122339328
1562038080,122339328
1562038081,122339328
1562038082,122339328
1562038083,122339328
1562038084,122339328
1562038085,122339328
1562038086,122339328
1562038087,122339328
1562038088,122339328
1562038089,122339328
1562038090,122339328
1562038091,122339328
1562038092,122339328
1562038093,122339328
1562038094,122339328
1562038095,122339328
1562038096,122339328
1562038097,122339328
1562038098,122339328
1562038099,122339328
1562038100,122339328
1562038101,122339328
1562038102,122339328
1562038103,122339328
1562038104,122339328
1562038105,122339328
1562038106,122339328
1562038107,122339328
1562038108,122339328
1562038109,122339328
1562038110,122339328
1562038111,122339328
1562038112,122339328
1562038113,122339328
1562038114,122339328
1562038115,122339328
1562038116,122339328
1562038117,122339328
1562038118,122339328
1562038119,122339328
1562038120,122339328
1562038121,122339328
1562038122,122339328
1562038123,122339328
1562038124,122339328
1562038125,122339328
1562038126,122339328
1562038127,122339328
1562038128,122339328
1562038129,122339328
1562038130,122339328
1562038131,122339328
1562038132,122339328
1562038133,122339328
1562038134,122339328
1562038135,122339328
1562038136,122339328
1562038137,122339328
1562038138,122339328
1562038139,122339328
1562038140,122339328
1562038141,122339328
1562038142,122339328
1562038143,122339328
1562038144,122339328
1562038145,122339328
1562038146,122339328
1562038147,122339328
1562038148,122339328
1562038149,122339328
1562038150,122339328
1562038151,122339328
1562038152,122339328
1562038153,122339328
1562038154,122339328
1562038155,122339328
1562038156,122339328
1562038157,122339328
1562038158,122339328
1562038159,122339328
1562038160,122339328
1562038161,122339328
1562038162,122339328
1562038163,122339328
1562038164,122339328
1562038165,122339328
1562038166,122339328
1562038167,122339328
1562038168,122339328
1562038169,122339328
1562038170,122339328
1562038171,122339328
1562038172,122339328
1562038173,122339328
1562038174,122339328
1562038175,122339328
1562038176,122339328
1562038177,122339328
1562038178,122339328
1562038179,122339328
1562038180,122339328
1562038181,122339328
1562038182,122339328
1562038183,122339328
1562038184,122339328
1562038185,122339328
1562038186,122339328
1562038187,122339328
1562038188,122339328
1562038189,122339328
1562038190,122339328
1562038191,122339328
1562038192,122339328
1562038193,122339328
1562038194,122339328
1562038195,122339328
1562038196,122339328
1562038197,122339328
1562038198,122339328
1562038199,122339328
1562038200,122339328
1562038201,122339328
1562038202,122339328
1562038203,122339328
1562038204,122339328
1562038205,122339328
1562038206,122339328
1562038207,122339328
1562038208,122339328
1562038209,122339328
1562038210,122339328
1562038211,122339328
1562038212,122339328
1562038213,122339328
1562038214,122339328
1562038215,122339328
1562038216,122339328
1562038217,122339328
1562038218,122339328
1562038219,122339328
1562038220,122339328
1562038221,122339328
1562038222,122339328
1562038223,122339328
1562038224,122339328
1562038225,122339328
1562038226,122339328
1562038227,122339328
1562038228,122339328
1562038229,122339328
1562038230,122339328
1562038231,122339328
1562038232,122339328
1562038233,122339328
1562038234,122339328
1562038235,122339328
1562038236,122339328
1562038237,122339328
1562038238,122339328
1562038239,122339328
1562038240,122339328
1562038241,122339328
1562038242,122339328
1562038243,122339328
1562038244,122339328
1562038245,122339328
1562038246,122339328
1562038247,122339328
1562038248,122339328
1562038249,122339328
1562038250,122339328
1562038251,122339328
1562038252,122339328
1562038253,122339328
1562038254,122339328
1562038255,122339328
1562038256,122339328
1562038257,122339328
1562038258,122339328
1562038259,122339328
1562038260,122339328
1562038261,122339328
1562038262,122339328
1562038263,122339328
1562038264,122339328
1562038265,122339328
1562038266,122339328
1562038267,122339328
1562038268,122339328
1562038269,122339328
1562038270,122339328
1562038271,122339328
1562038272,122339328
1562038273,122339328
1562038274,122339328
1562038275,122339328
1562038276,122339328
1562038277,122339328
1562038278,122339328
1562038279,122339328
1562038280,122339328
1562038281,122339328
1562038282,122339328
1562038283,122339328
1562038284,122339328
1562038285,122339328
1562038286,122339328
1562038287,122339328
1562038288,122339328
1562038289,122339328
1562038290,122339328
1562038291,122339328
1562038292,122339328
1562038293,122339328
1562038294,122339328
1562038295,122339328
1562038296,122339328
1562038297,122339328
1562038298,122339328
1562038299,122339328
1562038300,122339328
1562038301,122339328
1562038302,122339328
1562038303,122339328
1562038304,122339328
1562038305,122339328
1562038306,122339328
1562038307,122339328
1562038308,122339328
1562038309,122339328
1562038310,122339328
1562038311,122339328
1562038312,122339328
1562038313,122339328
1562038314,122339328
1562038315,122339328
1562038316,122339328
1562038317,122339328
1562038318,122339328
1562038319,122339328
1562038320,122339328
1562038321,122339328
1562038322,122339328
1562038323,122339328
1562038324,122339328
1562038325,122339328
1562038326,122339328
1562038327,122339328
1562038328,122339328
1562038329,122339328
1562038330,122339328
1562038331,122339328
1562038332,122339328
1562038333,122339328
1562038334,122339328
1562038335,122339328
1562038336,122339328
1562038337,122339328
1562038338,122339328
1562038339,122339328
1562038340,122339328
1562038341,122339328
1562038342,122339328
1562038343,122339328
1562038344,122339328
1562038345,122339328
1562038346,122339328
1562038347,122339328
1562038348,122339328
1562038349,122339328
1562038350,122339328
1562038351,122339328
1562038352,122339328
1562038353,122339328
1562038354,122339328
1562038355,122339328
1562038356,122339328
1562038357,122339328
1562038358,122339328
1562038359,122339328
1562038360,122339328
1562038361,122339328
1562038362,122339328
1562038363,122339328
1562038364,122339328
1562038365,122339328
1562038366,122339328
1562038367,122339328
1562038368,122339328
1562038369,122339328
1562038370,122339328
1562038371,122339328
1562038372,122339328
1562038373,122339328
1562038374,122339328
1562038375,122339328
1562038376,122339328
1562038377,122339328
1562038378,122339328
1562038379,122339328
1562038380,122339328
1562038381,122339328
1562038382,122339328
1562038383,122339328
1562038384,122339328
1562038385,122339328
1562038386,122339328
1562038387,122339328
1562038388,122339328
1562038389,122339328
1562038390,122339328
1562038391,122339328
1562038392,122339328
1562038393,122339328
1562038394,122339328
1562038395,122339328
1562038396,122339328
1562038397,122339328
1562038398,122339328
1562038399,122339328
1562038400,122339328
1562038401,122339328
1562038402,122339328
1562038403,122339328
1562038404,122339328
1562038405,122339328
1562038406,122339328
1562038407,122339328
1562038408,122339328
1562038409,122339328
1562038410,122339328
1562038411,122339328
1562038412,122339328
1562038413,122339328
1562038414,122339328
1562038415,122339328
1562038416,122339328
1562038417,122339328
1562038418,122339328
1562038419,122339328
1562038420,122339328
1562038421,122339328
1562038422,122339328
1562038423,122339328
1562038424,122339328
1562038425,122339328
1562038426,122339328
1562038427,122339328
1562038428,122339328
1562038429,122339328
1562038430,122339328
1562038431,122339328
1562038432,122339328
1562038433,122339328
1562038434,122339328
1562038435,122339328
1562038436,122339328
1562038437,122339328
1562038438,122339328
1562038439,122339328
1562038440,122339328
1562038441,122339328
1562038442,122339328
1562038443,122339328
1562038444,122339328
1562038445,122339328
1562038446,122339328
1562038447,122339328
1562038448,122339328
1562038449,122339328
1562038450,122339328
1562038451,122339328
1562038452,122339328
1562038453,122339328
1562038454,122339328
1562038455,122339328
1562038456,122339328
1562038457,122339328
1562038458,122339328
1562038459,122339328
1562038460,122339328
1562038461,122339328
1562038462,122339328
1562038463,122339328
1562038464,122339328
1562038465,122339328
1562038466,122339328
1562038467,122339328
1562038468,122339328
1562038469,122339328
1562038470,122339328
1562038471,122339328
1562038472,122339328
1562038473,122339328
1562038474,122339328
1562038475,122339328
1562038476,122339328
1562038477,122339328
1562038478,122339328
1562038479,122339328
1562038480,122339328
1562038481,122339328
1562038482,122339328
1562038483,122339328
1562038484,122339328
1562038485,122339328
1562038486,122339328
1562038487,122339328
1562038488,122339328
1562038489,122339328
1562038490,122339328
1562038491,122339328
1562038492,122339328
1562038493,122339328
1562038494,122339328
1562038495,122339328
1562038496,122339328
1562038497,122339328
1562038498,122339328
1562038499,122339328
1562038500,122339328
1562038501,122339328
1562038502,122339328
1562038503,122339328
1562038504,122339328
1562038505,122339328
1562038506,122339328
1562038507,122339328
1562038508,122339328
1562038509,122339328
1562038510,122339328
1562038511,122339328
1562038512,122339328
1562038513,122339328
1562038514,122339328
1562038515,122339328
1562038516,122339328
1562038517,122339328
1562038518,122339328
1562038519,122339328
1562038520,122339328
1562038521,122339328
1562038522,122339328
1562038523,122339328
1562038524,122339328
1562038525,122339328
1562038526,122339328
1562038527,122339328
1562038528,122339328
1562038529,122339328
1562038530,122339328
1562038531,122339328
1562038532,122339328
1562038533,122339328
1562038534,122339328
1562038535,122339328
1562038536,122339328
1562038537,122339328
1562038538,122339328
1562038539,122339328
1562038540,122339328
1562038541,122339328
1562038542,122339328
1562038543,122339328
1562038544,122339328
1562038545,122339328
1562038546,122339328
1562038547,122339328
1562038548,122339328
1562038549,122339328
1562038550,122339328
1562038551,122339328
1562038552,122339328
1562038553,122339328
1562038554,122339328
1562038555,122339328
1562038556,122339328
1562038557,122339328
1562038558,122339328
1562038559,122339328
1562038560,122339328
1562038561,122339328
1562038562,122339328
1562038563,122339328
1562038564,122339328
1562038565,122339328
1562038566,122339328
1562038567,122339328
1562038568,122339328
1562038569,122339328
1562038570,122339328
1562038571,122339328
1562038572,122339328
1562038573,122339328
1562038574,122339328
1562038575,122339328
1562038576,122339328
1562038577,122339328
1562038578,122339328
1562038579,122339328
1562038580,122339328
1562038581,122339328
1562038582,122339328
1562038583,122339328
1562038584,122339328
1562038585,122339328
1562038586,122339328
1562038587,122339328
1562038588,122339328
1562038589,122339328
1562038590,122339328
1562038591,122339328
1562038592,122339328
1562038593,122339328
1562038594,122339328
1562038595,122339328
1562038596,122339328
1562038597,122339328
1562038598,122339328
1562038599,122339328
1562038600,122339328
1562038601,122339328
1562038602,122339328
1562038603,122339328
1562038604,122339328
1562038605,122339328
1562038606,122339328
1562038607,122339328
1562038608,122339328
1562038609,122339328
1562038610,122339328
1562038611,122339328
1562038612,122339328
1562038613,122339328
1562038614,122339328
1562038615,122339328
1562038616,122339328
1562038617,122339328
1562038618,122339328
1562038619,122339328
1562038620,121888768
1562038621,121888768
1562038622,121888768
1562038623,121888768
1562038624,121888768
1562038625,121888768
1562038626,121888768
1562038627,121888768
1562038628,121888768
1562038629,121888768
1562038630,121888768
1562038631,121888768
1562038632,121888768
1562038633,121888768
1562038634,121888768
1562038635,121888768
1562038636,121888768
1562038637,121888768
1562038638,121888768
1562038639,121888768
1562038640,121888768
1562038641,121888768
1562038642,121888768
1562038643,121888768
1562038644,121888768
1562038645,121888768
1562038646,121888768
1562038647,121888768
1562038648,121888768
1562038649,121888768
1562038650,121888768
1562038651,121888768
1562038652,121888768
1562038653,121888768
1562038654,121888768
1562038655,121888768
1562038656,121888768
1562038657,121888768
1562038658,121888768
1562038659,121888768
1562038660,121888768
1562038661,121888768
1562038662,121888768
1562038663,121888768
1562038664,121888768
1562038665,121888768
1562038666,121888768
1562038667,121888768
1562038668,121888768
1562038669,121888768
1562038670,121888768
1562038671,121888768
1562038672,121888768
1562038673,121888768
1562038674,121888768
1562038675,121888768
1562038676,121888768
1562038677,121888768
1562038678,121888768
1562038679,121888768
1562038680,121888768
1562038681,121888768
1562038682,121888768
1562038683,121888768
1562038684,121888768
1562038685,121888768
1562038686,121888768
1562038687,122429440
1562038688,122429440
1562038689,122429440
1562038690,122429440
1562038691,122429440
1562038692,122429440
1562038693,122429440
1562038694,122429440
1562038695,122429440
1562038696,122429440
1562038697,122429440
1562038698,122429440
1562038699,122429440
1562038700,122429440
1562038701,122429440
1562038702,122429440
1562038703,122429440
1562038704,122429440
1562038705,122429440
1562038706,122429440
1562038707,122429440
1562038708,122429440
1562038709,122429440
1562038710,122429440
1562038711,122429440
1562038712,122429440
1562038713,122429440
1562038714,122429440
1562038715,122429440
1562038716,122429440
1562038717,122429440
1562038718,122429440
1562038719,122429440
1562038720,122429440
1562038721,122429440
1562038722,122429440
1562038723,122429440
1562038724,122429440
1562038725,122429440
1562038726,122429440
1562038727,122429440
1562038728,122429440
1562038729,122429440
1562038730,122429440
1562038731,122429440
1562038732,122429440
1562038733,122429440
1562038734,122429440
1562038735,122429440
1562038736,122429440
1562038737,122429440
1562038738,122429440
1562038739,122429440
1562038740,122429440
1562038741,122429440
1562038742,122429440
1562038743,122429440
1562038744,122429440
1562038745,122429440
1562038746,122429440
1562038747,122429440
1562038748,122429440
1562038749,122429440
1562038750,122429440
1562038751,122429440
1562038752,122429440
1562038753,122429440
1562038754,122429440
1562038755,122429440
1562038756,122429440
1562038757,122429440
1562038758,122429440
1562038759,122429440
1562038760,122429440
1562038761,122429440
1562038762,122429440
1562038763,122429440
1562038764,122429440
1562038765,122429440
1562038766,122429440
1562038767,122429440
1562038768,122429440
1562038769,122429440
1562038770,122429440
1562038771,122429440
1562038772,122429440
1562038773,122429440
1562038774,122429440
1562038775,122429440
1562038776,122429440
1562038777,122429440
1562038778,122429440
1562038779,122429440
1562038780,122429440
1562038781,122429440
1562038782,122429440
1562038783,122429440
1562038784,122429440
1562038785,122429440
1562038786,122429440
1562038787,122429440
1562038788,122429440
1562038789,122429440
1562038790,122429440
1562038791,122429440
1562038792,122429440
1562038793,122429440
1562038794,122429440
1562038795,122429440
1562038796,122429440
1562038797,122429440
1562038798,122429440
1562038799,122429440
1562038800,122429440
1562038801,122429440
1562038802,122429440
1562038803,122429440
1562038804,122429440
1562038805,122429440
1562038806,122429440
1562038807,122429440
1562038808,122429440
1562038809,122429440
1562038810,122429440
1562038811,122429440
1562038812,122429440
1562038813,122429440
1562038814,122429440
1562038815,122429440
1562038816,122429440
1562038817,122429440
1562038818,122429440
1562038819,122429440
1562038820,122429440
1562038821,122429440
1562038822,122429440
1562038823,122429440
1562038824,122429440
1562038825,122429440
1562038826,122429440
1562038827,122429440
1562038828,122429440
1562038829,122429440
1562038830,122429440
1562038831,122429440
1562038832,122429440
1562038833,122429440
1562038834,122429440
1562038835,122429440
1562038836,122429440
1562038837,122429440
1562038838,122429440
1562038839,122429440
1562038840,122429440
1562038841,122429440
1562038842,122429440
1562038843,122429440
1562038844,122429440
1562038845,122429440
1562038846,122429440
1562038847,122429440
1562038848,122429440
1562038849,122429440
1562038850,122429440
1562038851,122429440
1562038852,122429440
1562038853,122429440
1562038854,122429440
1562038855,122429440
1562038856,122429440
1562038857,122429440
1562038858,122429440
1562038859,122429440
1562038860,122429440
1562038861,122429440
1562038862,122429440
1562038863,122429440
1562038864,122429440
1562038865,122429440
1562038866,122429440
1562038867,122429440
1562038868,122429440
1562038869,122429440
1562038870,122429440
1562038871,122429440
1562038872,122429440
1562038873,122429440
1562038874,122429440
1562038875,122429440
1562038876,122429440
1562038877,122429440
1562038878,122429440
1562038879,122429440
1562038880,122429440
1562038881,122429440
1562038882,122429440
1562038883,122429440
1562038884,122429440
1562038885,122429440
1562038886,122429440
1562038887,122429440
1562038888,122429440
1562038889,122429440
1562038890,122429440
1562038891,122429440
1562038892,122429440
1562038893,122429440
1562038894,122429440
1562038895,122429440
1562038896,122429440
1562038897,122429440
1562038898,122429440
1562038899,122429440
1562038900,122429440
1562038901,122429440
1562038902,122429440
1562038903,122429440
1562038904,122429440
1562038905,122429440
1562038906,122429440
1562038907,122429440
1562038908,122429440
1562038909,122429440
1562038910,122429440
1562038911,122429440
1562038912,122429440
1562038913,122429440
1562038914,122429440
1562038915,122429440
1562038916,122429440
1562038917,122429440
1562038918,122429440
1562038919,122429440
1562038920,122429440
1562038921,122429440
1562038922,122429440
1562038923,122429440
1562038924,122429440
1562038925,122429440
1562038926,122429440
1562038927,122429440
1562038928,122429440
1562038929,122429440
1562038930,122429440
1562038931,122429440
1562038932,122429440
1562038933,122429440
1562038934,122429440
1562038935,122429440
1562038936,122429440
1562038937,122429440
1562038938,122429440
1562038939,122429440
1562038940,122429440
1562038941,122429440
1562038942,122429440
1562038943,122429440
1562038944,122429440
1562038945,122429440
1562038946,122429440
1562038947,122429440
1562038948,122429440
1562038949,122429440
1562038950,122429440
1562038951,122429440
1562038952,122429440
1562038953,122429440
1562038954,122429440
1562038955,122429440
1562038956,122429440
1562038957,122429440
1562038958,122429440
1562038959,122429440
1562038960,122429440
1562038961,122429440
1562038962,122429440
1562038963,122429440
1562038964,122429440
1562038965,122429440
1562038966,122429440
1562038967,122429440
1562038968,122429440
1562038969,122429440
1562038970,122429440
1562038971,122429440
1562038972,122429440
1562038973,122429440
1562038974,122429440
1562038975,122429440
1562038976,122429440
1562038977,122429440
1562038978,122429440
1562038979,122429440
1562038980,122429440
1562038981,122429440
1562038982,122429440
1562038983,122429440
1562038984,122429440
1562038985,122429440
1562038986,122429440
1562038987,122429440
1562038988,122429440
1562038989,122429440
1562038990,122429440
1562038991,122429440
1562038992,122429440
1562038993,122429440
1562038994,122429440
1562038995,122429440
1562038996,122429440
1562038997,122429440
1562038998,122429440
1562038999,122429440
1562039000,122429440
1562039001,122429440
1562039002,122429440
1562039003,122429440
1562039004,122429440
1562039005,122429440
1562039006,122429440
1562039007,122429440
1562039008,122429440
1562039009,122429440
1562039010,122429440
1562039011,122429440
1562039012,122429440
1562039013,122429440
1562039014,122429440
1562039015,122429440
1562039016,122429440
1562039017,122429440
1562039018,122429440
1562039019,122429440
1562039020,122429440
1562039021,122429440
1562039022,122429440
1562039023,122429440
1562039024,122429440
1562039025,122429440
1562039026,122429440
1562039027,122429440
1562039028,122429440
1562039029,122429440
1562039030,122429440
1562039031,122429440
1562039032,122429440
1562039033,122429440
1562039034,122429440
1562039035,122429440
1562039036,122429440
1562039037,122429440
1562039038,122429440
1562039039,122429440
1562039040,122429440
1562039041,122429440
1562039042,122429440
1562039043,122429440
1562039044,122429440
1562039045,122429440
1562039046,122429440
1562039047,122429440
1562039048,122429440
1562039049,122429440
1562039050,122429440
1562039051,122429440
1562039052,122429440
1562039053,122429440
1562039054,122429440
1562039055,122429440
1562039056,122429440
1562039057,122429440
1562039058,122429440
1562039059,122429440
1562039060,122429440
1562039061,122429440
1562039062,122429440
1562039063,122429440
1562039064,122429440
1562039065,122429440
1562039066,122429440
1562039067,122429440
1562039068,122429440
1562039069,122429440
1562039070,122429440
1562039071,122429440
1562039072,122429440
1562039073,122429440
1562039074,122429440
1562039075,122429440
1562039076,122429440
1562039077,122429440
1562039078,122429440
1562039079,122429440
1562039080,122429440
1562039081,122429440
1562039082,122429440
1562039083,122429440
1562039084,122429440
1562039085,122429440
1562039086,122429440
1562039087,122429440
1562039088,122429440
1562039089,122429440
1562039090,122429440
1562039091,122429440
1562039092,122429440
1562039093,122429440
1562039094,122429440
1562039095,122429440
1562039096,122429440
1562039097,122429440
1562039098,122429440
1562039099,122429440
1562039100,122429440
1562039101,122429440
1562039102,122429440
1562039103,122429440
1562039104,122429440
1562039105,122429440
1562039106,122429440
1562039107,122429440
1562039108,122429440
1562039109,122429440
1562039110,122429440
1562039111,122429440
1562039112,122429440
1562039113,122429440
1562039114,122429440
1562039115,122429440
1562039116,122429440
1562039117,122429440
1562039118,122429440
1562039119,122429440
1562039120,122429440
1562039121,122429440
1562039122,122429440
1562039123,122429440
1562039124,122429440
1562039125,122429440
1562039126,122429440
1562039127,122429440
1562039128,122429440
1562039129,122429440
1562039130,122429440
1562039131,122429440
1562039132,122429440
1562039133,122429440
1562039134,122429440
1562039135,122429440
1562039136,122429440
1562039137,122429440
1562039138,122429440
1562039139,122429440
1562039140,122429440
1562039141,122429440
1562039142,122429440
1562039143,122429440
1562039144,122429440
1562039145,122429440
1562039146,122429440
1562039147,122429440
1562039148,122429440
1562039149,122429440
1562039150,122429440
1562039151,122429440
1562039152,122429440
1562039153,122429440
1562039154,122429440
1562039155,122429440
1562039156,122429440
1562039157,122429440
1562039158,122429440
1562039159,122429440
1562039160,122429440
1562039161,122429440
1562039162,122429440
1562039163,122429440
1562039164,122429440
1562039165,122429440
1562039166,122429440
1562039167,122429440
1562039168,122429440
1562039169,122429440
1562039170,122429440
1562039171,122429440
1562039172,122429440
1562039173,122429440
1562039174,122429440
1562039175,122429440
1562039176,122429440
1562039177,122429440
1562039178,122429440
1562039179,122429440
1562039180,122429440
1562039181,122429440
1562039182,122429440
1562039183,122429440
1562039184,122429440
1562039185,122429440
1562039186,122429440
1562039187,122429440
1562039188,122429440
1562039189,122429440
1562039190,122429440
1562039191,122429440
1562039192,122429440
1562039193,122429440
1562039194,122429440
1562039195,122429440
1562039196,122429440
1562039197,122429440
1562039198,122429440
1562039199,122429440
1562039200,122429440
1562039201,122429440
1562039202,122429440
1562039203,122429440
1562039204,122429440
1562039205,122429440
1562039206,122429440
1562039207,122429440
1562039208,122429440
1562039209,122429440
1562039210,122429440
1562039211,122429440
1562039212,122429440
1562039213,122429440
1562039214,122429440
1562039215,122429440
1562039216,122429440
1562039217,122429440
1562039218,122429440
1562039219,122429440
1562039220,122429440
1562039221,122429440
1562039222,122429440
1562039223,122429440
1562039224,122429440
1562039225,122429440
1562039226,122429440
1562039227,122429440
1562039228,122429440
1562039229,122429440
1562039230,122429440
1562039231,122429440
1562039232,122429440
1562039233,122429440
1562039234,122429440
1562039235,122429440
1562039236,122429440
1562039237,122429440
1562039238,122429440
1562039239,122429440
1562039240,122429440
1562039241,122429440
1562039242,122429440
1562039243,122429440
1562039244,122429440
1562039245,122429440
1562039246,122429440
1562039247,122429440
1562039248,122429440
1562039249,122429440
1562039250,122429440
1562039251,122429440
1562039252,122429440
1562039253,122429440
1562039254,122429440
1562039255,122429440
1562039256,122429440
1562039257,122429440
1562039258,122429440
1562039259,122429440
1562039260,122429440
1562039261,122429440
1562039262,122429440
1562039263,122429440
1562039264,122429440
1562039265,122429440
1562039266,122429440
1562039267,122429440
1562039268,122429440
1562039269,122429440
1562039270,122429440
1562039271,122429440
1562039272,122429440
1562039273,122429440
1562039274,122429440
1562039275,122429440
1562039276,122429440
1562039277,122429440
1562039278,122429440
1562039279,122429440
1562039280,122429440
1562039281,122429440
1562039282,122429440
1562039283,122429440
1562039284,122429440
1562039285,122429440
1562039286,122429440
1562039287,122429440
1562039288,122429440
1562039289,122429440
1562039290,122429440
1562039291,122429440
1562039292,122429440
1562039293,122429440
1562039294,122429440
1562039295,122429440
1562039296,122429440
1562039297,122429440
1562039298,122429440
1562039299,122429440
1562039300,122429440
1562039301,122429440
1562039302,122429440
1562039303,122429440
1562039304,122429440
1562039305,122429440
1562039306,122429440
1562039307,122429440
1562039308,122429440
1562039309,122429440
1562039310,122429440
1562039311,122429440
1562039312,122429440
1562039313,122429440
1562039314,122429440
1562039315,122429440
1562039316,122429440
1562039317,122429440
1562039318,122429440
1562039319,122429440
1562039320,122429440
1562039321,122429440
1562039322,122429440
1562039323,122429440
1562039324,122429440
1562039325,122429440
1562039326,122429440
1562039327,122429440
1562039328,122429440
1562039329,122429440
1562039330,122429440
1562039331,122429440
1562039332,122429440
1562039333,122429440
1562039334,122429440
1562039335,122429440
1562039336,122429440
1562039337,122429440
1562039338,122429440
1562039339,122429440
1562039340,122429440
1562039341,122429440
1562039342,122429440
1562039343,122429440
1562039344,122429440
1562039345,122429440
1562039346,122429440
1562039347,122429440
1562039348,122429440
1562039349,122429440
1562039350,122429440
1562039351,122429440
1562039352,122429440
1562039353,122429440
1562039354,122429440
1562039355,122429440
1562039356,122429440
1562039357,122429440
1562039358,122429440
1562039359,122429440
1562039360,122429440
1562039361,122429440
1562039362,122429440
1562039363,122429440
1562039364,122429440
1562039365,122429440
1562039366,122429440
1562039367,122429440
1562039368,122429440
1562039369,122429440
1562039370,122429440
1562039371,122429440
1562039372,122429440
1562039373,122429440
1562039374,122429440
1562039375,122429440
1562039376,122429440
1562039377,122429440
1562039378,122429440
1562039379,122429440
1562039380,122429440
1562039381,122429440
1562039382,122429440
1562039383,122429440
1562039384,122429440
1562039385,122429440
1562039386,122429440
1562039387,122429440
1562039388,122429440
1562039389,122429440
1562039390,122429440
1562039391,122429440
1562039392,122429440
1562039393,122429440
1562039394,122429440
1562039395,122429440
1562039396,122429440
1562039397,122429440
1562039398,122429440
1562039399,122429440
1562039400,122429440
1562039401,122429440
1562039402,122429440
1562039403,122429440
1562039404,122429440
1562039405,122429440
1562039406,122429440
1562039407,122429440
1562039408,122429440
1562039409,122429440
1562039410,122429440
1562039411,122429440
1562039412,122429440
1562039413,122429440
1562039414,122429440
1562039415,122429440
1562039416,122429440
1562039417,122429440
1562039418,122429440
1562039419,122429440
1562039420,122429440
1562039421,122429440
1562039422,122429440
1562039423,122429440
1562039424,122429440
1562039425,122429440
1562039426,122429440
1562039427,122429440
1562039428,122429440
1562039429,122429440
1562039430,122429440
1562039431,122429440
1562039432,122429440
1562039433,122429440
1562039434,122429440
1562039435,122429440
1562039436,122429440
1562039437,122429440
1562039438,122429440
1562039439,122429440
1562039440,122429440
1562039441,122429440
1562039442,122429440
1562039443,122429440
1562039444,122429440
1562039445,122429440
1562039446,122429440
1562039447,122429440
1562039448,122429440
1562039449,122429440
1562039450,122429440
1562039451,122429440
1562039452,122429440
1562039453,122429440
1562039454,122429440
1562039455,122429440
1562039456,122429440
1562039457,122429440
1562039458,122429440
1562039459,122429440
1562039460,122429440
1562039461,122429440
1562039462,122429440
1562039463,122429440
1562039464,122429440
1562039465,122429440
1562039466,122429440
1562039467,122429440
1562039468,122429440
1562039469,122429440
1562039470,122429440
1562039471,122429440
1562039472,122429440
1562039473,122429440
1562039474,122429440
1562039475,122429440
1562039476,122429440
1562039477,122429440
1562039478,122429440
1562039479,122429440
1562039480,122429440
1562039481,122429440
1562039482,122429440
1562039483,122429440
1562039484,122429440
1562039485,122429440
1562039486,122429440
1562039487,122429440
1562039488,122429440
1562039489,122429440
1562039490,122429440
1562039491,122429440
1562039492,122429440
1562039493,122429440
1562039494,122429440
1562039495,122429440
1562039496,122429440
1562039497,122429440
1562039498,122429440
1562039499,122429440
1562039500,122429440
1562039501,122429440
1562039502,122429440
1562039503,122429440
1562039504,122429440
1562039505,122429440
1562039506,122429440
1562039507,122429440
1562039508,122429440
1562039509,122429440
1562039510,122429440
1562039511,122429440
1562039512,122429440
1562039513,122429440
1562039514,122429440
1562039515,122429440
1562039516,122429440
1562039517,122429440
1562039518,122429440
1562039519,122429440
1562039520,122429440
1562039521,122429440
1562039522,122429440
1562039523,122429440
1562039524,122429440
1562039525,122429440
1562039526,122429440
1562039527,122429440
1562039528,122429440
1562039529,122429440
1562039530,122429440
1562039531,122429440
1562039532,122429440
1562039533,122429440
1562039534,122429440
1562039535,122429440
1562039536,122429440
1562039537,122429440
1562039538,122429440
1562039539,122429440
1562039540,122429440
1562039541,122429440
1562039542,122429440
1562039543,122429440
1562039544,122429440
1562039545,122429440
1562039546,122429440
1562039547,122429440
1562039548,122429440
1562039549,122429440
1562039550,122429440
1562039551,122429440
1562039552,122429440
1562039553,122429440
1562039554,122429440
1562039555,122429440
1562039556,122429440
1562039557,122429440
1562039558,122429440
1562039559,122429440
1562039560,122429440
1562039561,122429440
1562039562,122429440
1562039563,122429440
1562039564,122429440
1562039565,122429440
1562039566,122429440
1562039567,122429440
1562039568,122429440
1562039569,122429440
1562039570,122429440
1562039571,122429440
1562039572,122429440
1562039573,122429440
1562039574,122429440
1562039575,122429440
1562039576,122429440
1562039577,122429440
1562039578,122429440
1562039579,122429440
1562039580,122429440
1562039581,122429440
1562039582,122429440
1562039583,122429440
1562039584,122429440
1562039585,122429440
1562039586,122429440
1562039587,122429440
1562039588,122429440
1562039589,122429440
1562039590,122429440
1562039591,122429440
1562039592,122429440
1562039593,122429440
1562039594,122429440
1562039595,122429440
1562039596,122429440
1562039597,122429440
1562039598,122429440
1562039599,122429440
1562039600,122429440
1562039601,122429440
1562039602,122429440
1562039603,122429440
1562039604,122429440
1562039605,122429440
1562039606,122429440
1562039607,122429440
1562039608,122429440
1562039609,122429440
1562039610,122429440
1562039611,122429440
1562039612,122429440
1562039613,122429440
1562039614,122429440
1562039615,122429440
1562039616,122429440
1562039617,122429440
1562039618,122429440
1562039619,122429440
1562039620,122429440
1562039621,122429440
1562039622,122429440
1562039623,122429440
1562039624,122429440
1562039625,122429440
1562039627,122429440
1562039628,122429440
1562039629,122429440
1562039630,122429440
1562039631,122429440
1562039632,122429440
1562039633,122429440
1562039634,122429440
1562039635,122429440
1562039636,122429440
1562039637,122429440
1562039638,122429440
1562039639,122429440
1562039640,122429440
1562039641,122429440
1562039642,122429440
1562039643,122429440
1562039644,122429440
1562039645,122429440
1562039646,122429440
1562039647,122429440
1562039648,122429440
1562039649,122429440
1562039650,122429440
1562039651,122429440
1562039652,122429440
1562039653,122429440
1562039654,122429440
1562039655,122429440
1562039656,122429440
1562039657,122429440
1562039658,122429440
1562039659,122429440
1562039660,122429440
1562039661,122429440
1562039662,122429440
1562039663,122429440
1562039664,122429440
1562039665,122429440
1562039666,122429440
1562039667,122429440
1562039668,122429440
1562039669,122429440
1562039670,122429440
1562039671,122429440
1562039672,122429440
1562039673,122429440
1562039674,122429440
1562039675,122429440
1562039676,122429440
1562039677,122429440
1562039678,122429440
1562039679,122429440
1562039680,122429440
1562039681,122429440
1562039682,122429440
1562039683,122429440
1562039684,122429440
1562039685,122429440
1562039686,122429440
1562039687,122429440
1562039688,122429440
1562039689,122429440
1562039690,122429440
1562039691,122429440
1562039692,122429440
1562039693,122429440
1562039694,122429440
1562039695,122429440
1562039696,122429440
1562039697,122429440
1562039698,122429440
1562039699,122429440
1562039700,122429440
1562039701,122429440
1562039702,122429440
1562039703,122429440
1562039704,122429440
1562039705,122429440
1562039706,122429440
1562039707,122429440
1562039708,122429440
1562039709,122429440
1562039710,122429440
1562039711,122429440
1562039712,122429440
1562039713,122429440
1562039714,122429440
1562039715,122429440
1562039716,122429440
1562039717,122429440
1562039718,122429440
1562039719,122429440
1562039720,122429440
1562039721,122429440
1562039722,122429440
1562039723,122429440
1562039724,122429440
1562039725,122429440
1562039726,122429440
1562039727,122429440
1562039728,122429440
1562039729,122429440
1562039730,122429440
1562039731,122429440
1562039732,122429440
1562039733,122429440
1562039734,122429440
1562039735,122429440
1562039736,122429440
1562039737,122429440
1562039738,122429440
1562039739,122429440
1562039740,122429440
1562039741,122429440
1562039742,122429440
1562039743,122429440
1562039744,122429440
1562039745,122429440
1562039746,122429440
1562039747,122429440
1562039748,122429440
1562039749,122429440
1562039750,122429440
1562039751,122429440
1562039752,122429440
1562039753,122429440
1562039754,122429440
1562039755,122429440
1562039756,122429440
1562039757,122429440
1562039758,122429440
1562039759,122429440
1562039760,122429440
1562039761,122429440
1562039762,122429440
1562039763,122429440
1562039764,122429440
1562039765,122429440
1562039766,122429440
1562039767,122429440
1562039768,122429440
1562039769,122429440
1562039770,122429440
1562039771,122429440
1562039772,122429440
1562039773,122429440
1562039774,122429440
1562039775,122429440
1562039776,122429440
1562039777,122429440
1562039778,122429440
1562039779,122429440
1562039780,122429440
1562039781,122429440
1562039782,122429440
1562039783,122429440
1562039784,122429440
1562039785,122429440
1562039786,122429440
1562039787,122429440
1562039788,122429440
1562039789,122429440
1562039790,122429440
1562039791,122429440
1562039792,122429440
1562039793,122429440
1562039794,122429440
1562039795,122429440
1562039796,122429440
1562039797,122429440
1562039798,122429440
1562039799,122429440
1562039800,122429440
1562039801,122429440
1562039802,122429440
1562039803,122429440
1562039804,122429440
1562039805,122429440
1562039806,122429440
1562039807,122429440
1562039808,122429440
1562039809,122429440
1562039810,122429440
1562039811,122429440
1562039812,122429440
1562039813,122429440
1562039814,122429440
1562039815,122429440
1562039816,122429440
1562039817,122429440
1562039818,122429440
1562039819,122429440
1562039820,122429440
1562039821,122429440
1562039822,122429440
1562039823,122429440
1562039824,122429440
1562039825,122429440
1562039826,122429440
1562039827,122429440
1562039828,122429440
1562039829,122429440
1562039830,122429440
1562039831,122429440
1562039832,122429440
1562039833,122429440
1562039834,122429440
1562039835,122429440
1562039836,122429440
1562039837,122429440
1562039838,122429440
1562039839,122429440
1562039840,122429440
1562039841,122429440
1562039842,122429440
1562039843,122429440
1562039844,122429440
1562039845,122429440
1562039846,122429440
1562039847,122429440
1562039848,122429440
1562039849,122429440
1562039850,122429440
1562039851,122429440
1562039852,122429440
1562039853,122429440
1562039854,122429440
1562039855,122429440
1562039856,122429440
1562039857,122429440
1562039858,122429440
1562039859,122429440
1562039860,122429440
1562039861,122429440
1562039862,122429440
1562039863,122429440
1562039864,122429440
1562039865,122429440
1562039866,122429440
1562039867,122429440
1562039868,122429440
1562039869,122429440
1562039870,122429440
1562039871,122429440
1562039872,122429440
1562039873,122429440
1562039874,122429440
1562039875,122429440
1562039876,122429440
1562039877,122429440
1562039878,122429440
1562039879,122429440
1562039880,122429440
1562039881,122429440
1562039882,122429440
1562039883,122429440
1562039884,122429440
1562039885,122429440
1562039886,122429440
1562039887,122429440
1562039888,122429440
1562039889,122429440
1562039890,122429440
1562039891,122429440
1562039892,122429440
1562039893,122429440
1562039894,122429440
1562039895,122429440
1562039896,122429440
1562039897,122429440
1562039898,122429440
1562039899,122429440
1562039900,122429440
1562039901,122429440
1562039902,122429440
1562039903,122429440
1562039904,122429440
1562039905,122429440
1562039906,122429440
1562039907,122429440
1562039908,122429440
1562039909,122429440
1562039910,122429440
1562039911,122429440
1562039912,122429440
1562039913,122429440
1562039914,122429440
1562039915,122429440
1562039916,122429440
1562039917,122429440
1562039918,122429440
1562039919,122429440
1562039920,122429440
1562039921,122429440
1562039922,122429440
1562039923,122429440
1562039924,122429440
1562039925,122429440
1562039926,122429440
1562039927,122429440
1562039928,122429440
1562039929,122429440
1562039930,122429440
1562039931,122429440
1562039932,122429440
1562039933,122429440
1562039934,122429440
1562039935,122429440
1562039936,122429440
1562039937,122429440
1562039938,122429440
1562039939,122429440
1562039940,122429440
1562039941,122429440
1562039942,122429440
1562039943,122429440
1562039944,122429440
1562039945,122429440
1562039946,122429440
1562039947,122429440
1562039948,122429440
1562039949,122429440
1562039950,122429440
1562039951,122429440
1562039952,122429440
1562039953,122429440
1562039954,122429440
1562039955,122429440
1562039956,122429440
1562039957,122429440
1562039958,122429440
1562039959,122429440
1562039960,122429440
1562039961,122429440
1562039962,122429440
1562039963,122429440
1562039964,122429440
1562039965,122429440
1562039966,122429440
1562039967,122429440
1562039968,122429440
1562039969,122429440
1562039970,122429440
1562039971,122429440
1562039972,122429440
1562039973,122429440
1562039974,122429440
1562039975,122429440
1562039976,122429440
1562039977,122429440
1562039978,122429440
1562039979,122429440
1562039980,122429440
1562039981,122429440
1562039982,122429440
1562039983,122429440
1562039984,122429440
1562039985,122429440
1562039986,122429440
1562039987,122429440
1562039988,122429440
1562039989,122429440
1562039990,122429440
1562039991,122429440
1562039992,122429440
1562039993,122429440
1562039994,122429440
1562039995,122429440
1562039996,122429440
1562039997,122429440
1562039998,122429440
1562039999,122429440
1562040000,122429440
1562040001,122429440
1562040002,122429440
1562040003,122429440
1562040004,122429440
1562040005,122429440
1562040006,122429440
1562040007,122429440
1562040008,122429440
1562040009,122429440
1562040010,122429440
1562040011,122429440
1562040012,122429440
1562040013,122429440
1562040014,122429440
1562040015,122429440
1562040016,122429440
1562040017,122429440
1562040018,122429440
1562040019,122429440
1562040020,122429440
1562040021,122429440
1562040022,122429440
1562040023,122429440
1562040024,122429440
1562040025,122429440
1562040026,122429440
1562040027,122429440
1562040028,122429440
1562040029,122429440
1562040030,122429440
1562040031,122429440
1562040032,122429440
1562040033,122429440
1562040034,122429440
1562040035,122429440
1562040036,122429440
1562040037,122429440
1562040038,122429440
1562040039,122429440
1562040040,122429440
1562040041,122429440
1562040042,122429440
1562040043,122429440
1562040044,122429440
1562040045,122429440
1562040046,122429440
1562040047,122429440
1562040048,122429440
1562040049,122429440
1562040050,122429440
1562040051,122429440
1562040052,122429440
1562040053,122429440
1562040054,122429440
1562040055,122429440
1562040056,122429440
1562040057,122429440
1562040058,122429440
1562040059,122429440
1562040060,122429440
1562040061,122429440
1562040062,122429440
1562040063,122429440
1562040064,122429440
1562040065,122429440
1562040066,122429440
1562040067,122429440
1562040068,122429440
1562040069,122429440
1562040070,122429440
1562040071,122429440
1562040072,122429440
1562040073,122429440
1562040074,122429440
1562040075,122429440
1562040076,122429440
1562040077,122429440
1562040078,122429440
1562040079,122429440
1562040080,122429440
1562040081,122429440
1562040082,122429440
1562040083,122429440
1562040084,122429440
1562040085,122429440
1562040086,122429440
1562040087,122429440
1562040088,122429440
1562040089,122429440
1562040090,122429440
1562040091,122429440
1562040092,122429440
1562040093,122429440
1562040094,122429440
1562040095,122429440
1562040096,122429440
1562040097,122429440
1562040098,122429440
1562040099,122429440
1562040100,122429440
1562040101,122429440
1562040102,122429440
1562040103,122429440
1562040104,122429440
1562040105,122429440
1562040106,122429440
1562040107,122429440
1562040108,122429440
1562040109,122429440
1562040110,122429440
1562040111,122429440
1562040112,122429440
1562040113,122429440
1562040114,122429440
1562040115,122429440
1562040116,122429440
1562040117,122429440
1562040118,122429440
1562040119,122429440
1562040120,122429440
1562040121,122429440
1562040122,122429440
1562040123,122429440
1562040124,122429440
1562040125,122429440
1562040126,122429440
1562040127,122429440
1562040128,122429440
1562040129,122429440
1562040130,122429440
1562040131,122429440
1562040132,122429440
1562040133,122429440
1562040134,122429440
1562040135,122429440
1562040136,122429440
1562040137,122429440
1562040138,122429440
1562040139,122429440
1562040140,122429440
1562040141,122429440
1562040142,122429440
1562040143,122429440
1562040144,122429440
1562040145,122429440
1562040146,122429440
1562040147,122429440
1562040148,122429440
1562040149,122429440
1562040150,122429440
1562040151,122429440
1562040152,122429440
1562040153,122429440
1562040154,122429440
1562040155,122429440
1562040156,122429440
1562040157,122429440
1562040158,122429440
1562040159,122429440
1562040160,122429440
1562040161,122429440
1562040162,122429440
1562040163,122429440
1562040164,122429440
1562040165,122429440
1562040166,122429440
1562040167,122429440
1562040168,122429440
1562040169,122429440
1562040170,122429440
1562040171,122429440
1562040172,122429440
1562040173,122429440
1562040174,122429440
1562040175,122429440
1562040176,122429440
1562040177,122429440
1562040178,122429440
1562040179,122429440
1562040180,122429440
1562040181,122429440
1562040182,122429440
1562040183,122429440
1562040184,122429440
1562040185,122429440
1562040186,122429440
1562040187,122429440
1562040188,122429440
1562040189,122429440
1562040190,122429440
1562040191,122429440
1562040192,122429440
1562040193,122429440
1562040194,122429440
1562040195,122429440
1562040196,122429440
1562040197,122429440
1562040198,122429440
1562040199,122429440
1562040200,122429440
1562040201,122429440
1562040202,122429440
1562040203,122429440
1562040204,122429440
1562040205,122429440
1562040206,122429440
1562040207,122429440
1562040208,122429440
1562040209,122429440
1562040210,122429440
1562040211,122429440
1562040212,122429440
1562040213,122429440
1562040214,122429440
1562040215,122429440
1562040216,122429440
1562040217,122429440
1562040218,122429440
1562040219,122429440
1562040220,122429440
1562040221,122429440
1562040222,122429440
1562040223,122429440
1562040224,122429440
1562040225,122429440
1562040226,122429440
1562040227,122429440
1562040228,122429440
1562040229,122429440
1562040230,122429440
1562040231,122429440
1562040232,122429440
1562040233,122429440
1562040234,122429440
1562040235,122429440
1562040236,122429440
1562040237,122429440
1562040238,122429440
1562040239,122429440
1562040240,122429440
1562040241,122429440
1562040242,122429440
1562040243,122429440
1562040244,122429440
1562040245,122429440
1562040246,122429440
1562040247,122429440
1562040248,122429440
1562040249,122429440
1562040250,122429440
1562040251,122429440
1562040252,122429440
1562040253,122429440
1562040254,122429440
1562040255,122429440
1562040256,122429440
1562040257,122429440
1562040258,122429440
1562040259,122429440
1562040260,122429440
1562040261,122429440
1562040262,122429440
1562040263,122429440
1562040264,122429440
1562040265,122429440
1562040266,122429440
1562040267,122429440
1562040268,122429440
1562040269,122429440
1562040270,122429440
1562040271,122429440
1562040272,122429440
1562040273,122429440
1562040274,122429440
1562040275,122429440
1562040276,122429440
1562040277,122429440
1562040278,122429440
1562040279,122429440
1562040280,122429440
1562040281,122429440
1562040282,122429440
1562040283,122429440
1562040284,122429440
1562040285,122429440
1562040286,122429440
1562040287,122429440
1562040288,122429440
1562040289,122429440
1562040290,122429440
1562040291,122429440
1562040292,122429440
1562040293,122429440
1562040294,122429440
1562040295,122429440
1562040296,122429440
1562040297,122429440
1562040298,122429440
1562040299,122429440
1562040300,122429440
1562040301,122429440
1562040302,122429440
1562040303,122429440
1562040304,122429440
1562040305,122429440
1562040306,122429440
1562040307,122429440
1562040308,122429440
1562040309,122429440
1562040310,122429440
1562040311,122429440
1562040312,122429440
1562040313,122429440
1562040314,122429440
1562040315,122429440
1562040316,122429440
1562040317,122429440
1562040318,122429440
1562040319,122429440
1562040320,122429440
1562040321,122429440
1562040322,122429440
1562040323,122429440
1562040324,122429440
1562040325,122429440
1562040326,122429440
1562040327,122429440
1562040328,122429440
1562040329,122429440
1562040330,122429440
1562040331,122429440
1562040332,122429440
1562040333,122429440
1562040334,122429440
1562040335,122429440
1562040336,122429440
1562040337,122429440
1562040338,122429440
1562040339,122429440
1562040340,122429440
1562040341,122429440
1562040342,122429440
1562040343,122429440
1562040344,122429440
1562040345,122429440
1562040346,122429440
1562040347,122429440
1562040348,122429440
1562040349,122429440
1562040350,122429440
1562040351,122429440
1562040352,122429440
1562040353,122429440
1562040354,122429440
1562040355,122429440
1562040356,122429440
1562040357,122429440
1562040358,122429440
1562040359,122429440
1562040360,122429440
1562040361,122429440
1562040362,122429440
1562040363,122429440
1562040364,122429440
1562040365,122429440
1562040366,122429440
1562040367,122429440
1562040368,122429440
1562040369,122429440
1562040370,122429440
1562040371,122429440
1562040372,122429440
1562040373,122429440
1562040374,122429440
1562040375,122429440
1562040376,122429440
1562040377,122429440
1562040378,122429440
1562040379,122429440
1562040380,122429440
1562040381,122429440
1562040382,122429440
1562040383,122429440
1562040384,122429440
1562040385,122429440
1562040386,122429440
1562040387,122429440
1562040388,122429440
1562040389,122429440
1562040390,122429440
1562040391,122429440
1562040392,122429440
1562040393,122429440
1562040394,122429440
1562040395,122429440
1562040396,122429440
1562040397,122429440
1562040398,122429440
1562040399,122429440
1562040400,122429440
1562040401,122429440
1562040402,122429440
1562040403,122429440
1562040404,122429440
1562040405,122429440
1562040406,122429440
1562040407,122429440
1562040408,122429440
1562040409,122429440
1562040410,122429440
1562040411,122429440
1562040412,122429440
1562040413,122429440
1562040414,122429440
1562040415,122429440
1562040416,122429440
1562040417,122429440
1562040418,122429440
1562040419,122429440
1562040420,122429440
1562040421,122429440
1562040422,122429440
1562040423,122429440
1562040424,122429440
1562040425,122429440
1562040426,122429440
1562040427,122429440
1562040428,122429440
1562040429,122429440
1562040430,122429440
1562040431,122429440
1562040432,122429440
1562040433,122429440
1562040434,122429440
1562040435,122429440
1562040436,122429440
1562040437,122429440
1562040438,122429440
1562040439,122429440
1562040440,122429440
1562040441,122429440
1562040442,122429440
1562040443,122429440
1562040444,122429440
1562040445,122429440
1562040446,122429440
1562040447,122429440
1562040448,122429440
1562040449,122429440
1562040450,122429440
1562040451,122429440
1562040452,122429440
1562040453,122429440
1562040454,122429440
1562040455,122429440
1562040456,122429440
1562040457,122429440
1562040458,122429440
1562040459,122429440
1562040460,122429440
1562040461,122429440
1562040462,122429440
1562040463,122429440
1562040464,122429440
1562040465,122429440
1562040466,122429440
1562040467,122429440
1562040468,122429440
1562040469,122429440
1562040470,122429440
1562040471,122429440
1562040472,122429440
1562040473,122429440
1562040474,122429440
1562040475,122429440
1562040476,122429440
1562040477,122429440
1562040478,122429440
1562040479,122429440
1562040480,122429440
1562040481,122429440
1562040482,122429440
1562040483,122429440
1562040484,122429440
1562040485,122429440
1562040486,122429440
1562040487,122429440
1562040488,122429440
1562040489,122429440
1562040490,122429440
1562040491,122429440
1562040492,122429440
1562040493,122429440
1562040494,122429440
1562040495,122429440
1562040496,122429440
1562040497,122429440
1562040498,122429440
1562040499,122429440
1562040500,122429440
1562040501,122429440
1562040502,122429440
1562040503,122429440
1562040504,122429440
1562040505,122429440
1562040506,122429440
1562040507,122429440
1562040508,122429440
1562040509,122429440
1562040510,122429440
1562040511,122429440
1562040512,122429440
1562040513,122429440
1562040514,122429440
1562040515,122429440
1562040516,122429440
1562040517,122429440
1562040518,122429440
1562040519,122429440
1562040520,122429440
1562040521,122429440
1562040522,122429440
1562040523,122429440
1562040524,122429440
1562040525,122429440
1562040526,122429440
1562040527,122429440
1562040528,122429440
1562040529,122429440
1562040530,122429440
1562040531,122429440
1562040532,122429440
1562040533,122429440
1562040534,122429440
1562040535,122429440
1562040536,122429440
1562040537,122429440
1562040538,122429440
1562040539,122429440
1562040540,122429440
1562040541,122429440
1562040542,122429440
1562040543,122429440
1562040544,122429440
1562040545,122429440
1562040546,122429440
1562040547,122429440
1562040548,122429440
1562040549,122429440
1562040550,122429440
1562040551,122429440
1562040552,122429440
1562040553,122429440
1562040554,122429440
1562040555,122429440
1562040556,122429440
1562040557,122429440
1562040558,122429440
1562040559,122429440
1562040560,122429440
1562040561,122429440
1562040562,122429440
1562040563,122429440
1562040564,122429440
1562040565,122429440
1562040566,122429440
1562040567,122429440
1562040568,122429440
1562040569,122429440
1562040570,122429440
1562040571,122429440
1562040572,122429440
1562040573,122429440
1562040574,122429440
1562040575,122429440
1562040576,122429440
1562040577,122429440
1562040578,122429440
1562040579,122429440
1562040580,122429440
1562040581,122429440
1562040582,122429440
1562040583,122429440
1562040584,122429440
1562040585,122429440
1562040586,122429440
1562040587,122429440
1562040588,122429440
1562040589,122429440
1562040590,122429440
1562040591,122429440
1562040592,122429440
1562040593,122429440
1562040594,122429440
1562040595,122429440
1562040596,122429440
1562040597,122429440
1562040598,122429440
1562040599,122429440
1562040600,122429440
1562040601,122429440
1562040602,122429440
1562040603,122429440
1562040604,122429440
1562040605,122429440
1562040606,122429440
1562040607,122429440
1562040608,122429440
1562040609,122429440
1562040610,122429440
1562040611,122429440
1562040612,122429440
1562040613,122429440
1562040614,122429440
1562040615,122429440
1562040616,122429440
1562040617,122429440
1562040618,122429440
1562040619,122429440
1562040620,122429440
1562040621,122429440
1562040622,122429440
1562040623,122429440
1562040624,122429440
1562040625,122429440
1562040626,122429440
1562040627,122429440
1562040628,122429440
1562040629,122429440
1562040630,122429440
1562040631,122429440
1562040632,122429440
1562040633,122429440
1562040634,122429440
1562040635,122429440
1562040636,122429440
1562040637,122429440
1562040638,122429440
1562040639,122429440
1562040640,122429440
1562040641,122429440
1562040642,122429440
1562040643,122429440
1562040644,122429440
1562040645,122429440
1562040646,122429440
1562040647,122429440
1562040648,122429440
1562040649,122429440
1562040650,122429440
1562040651,122429440
1562040652,122429440
1562040653,122429440
1562040654,122429440
1562040655,122429440
1562040656,122429440
1562040657,122429440
1562040658,122429440
1562040659,122429440
1562040660,122429440
1562040661,122429440
1562040662,122429440
1562040663,122429440
1562040664,122429440
1562040665,122429440
1562040666,122429440
1562040667,122429440
1562040668,122429440
1562040669,122429440
1562040670,122429440
1562040671,122429440
1562040672,122429440
1562040673,122429440
1562040674,122429440
1562040675,122429440
1562040676,122429440
1562040677,122429440
1562040678,122429440
1562040679,122429440
1562040680,122429440
1562040681,122429440
1562040682,122429440
1562040683,122429440
1562040684,122429440
1562040685,122429440
1562040686,122429440
1562040687,122429440
1562040688,122429440
1562040689,122429440
1562040690,122429440
1562040691,122429440
1562040692,122429440
1562040693,122429440
1562040694,122429440
1562040695,122429440
1562040696,122429440
1562040697,122429440
1562040698,122429440
1562040699,122429440
1562040700,122429440
1562040701,122429440
1562040702,122429440
1562040703,122429440
1562040704,122429440
1562040705,122429440
1562040706,122429440
1562040707,122429440
1562040708,122429440
1562040709,122429440
1562040710,122429440
1562040711,122429440
1562040712,122429440
1562040713,122429440
1562040714,122429440
1562040715,122429440
1562040716,122429440
1562040717,122429440
1562040718,122429440
1562040719,122429440
1562040720,122429440
1562040721,122429440
1562040722,122429440
1562040723,122429440
1562040724,122429440
1562040725,122429440
1562040726,122429440
1562040727,122429440
1562040728,122429440
1562040729,122429440
1562040730,122429440
1562040731,122429440
1562040732,122429440
1562040733,122429440
1562040734,122429440
1562040735,122429440
1562040736,122429440
1562040737,122429440
1562040738,122429440
1562040739,122429440
1562040740,122429440
1562040741,122429440
1562040742,122429440
1562040743,122429440
1562040744,122429440
1562040745,122429440
1562040746,122429440
1562040747,122429440
1562040748,122429440
1562040749,122429440
1562040750,122429440
1562040751,122429440
1562040752,122429440
1562040753,122429440
1562040754,122429440
1562040755,122429440
1562040756,122429440
1562040757,122429440
1562040758,122429440
1562040759,122429440
1562040760,122429440
1562040761,122429440
1562040762,122429440
1562040763,122429440
1562040764,122429440
1562040765,122429440
1562040766,122429440
1562040767,122429440
1562040768,122429440
1562040769,122429440
1562040770,122429440
1562040771,122429440
1562040772,122429440
1562040773,122429440
1562040774,122429440
1562040775,122429440
1562040776,122429440
1562040777,122429440
1562040778,122429440
1562040779,122429440
1562040780,122429440
1562040781,122429440
1562040782,122429440
1562040783,122429440
1562040784,122429440
1562040785,122429440
1562040786,122429440
1562040787,122429440
1562040788,122429440
1562040789,122429440
1562040790,122429440
1562040791,122429440
1562040792,122429440
1562040793,122429440
1562040794,122429440
1562040795,122429440
1562040796,122429440
1562040797,122429440
1562040798,122429440
1562040799,122429440
1562040800,122429440
1562040801,122429440
1562040802,122429440
1562040803,122429440
1562040804,122429440
1562040805,122429440
1562040806,122429440
1562040807,122429440
1562040808,122429440
1562040809,122429440
1562040810,122429440
1562040811,122429440
1562040812,122429440
1562040813,122429440
1562040814,122429440
1562040815,122429440
1562040816,122429440
1562040817,122429440
1562040818,122429440
1562040819,122429440
1562040820,122429440
1562040821,122429440
1562040822,122429440
1562040823,122429440
1562040824,122429440
1562040825,122429440
1562040826,122429440
1562040827,122429440
1562040828,122429440
1562040829,122429440
1562040830,122429440
1562040831,122429440
1562040832,122429440
1562040833,122429440
1562040834,122429440
1562040835,122429440
1562040836,122429440
1562040837,122429440
1562040838,122429440
1562040839,122429440
1562040840,122429440
1562040841,122429440
1562040842,122429440
1562040843,122429440
1562040844,122429440
1562040845,122429440
1562040846,122429440
1562040847,122429440
1562040848,122429440
1562040849,122429440
1562040850,122429440
1562040851,122429440
1562040852,122429440
1562040853,122429440
1562040854,122429440
1562040855,122429440
1562040856,122429440
1562040857,122429440
1562040858,122429440
1562040859,122429440
1562040860,122429440
1562040861,122429440
1562040862,122429440
1562040863,122429440
1562040864,122429440
1562040865,122429440
1562040866,122429440
1562040867,122429440
1562040868,122429440
1562040869,122429440
1562040870,122429440
1562040871,122429440
1562040872,122429440
1562040873,122429440
1562040874,122429440
1562040875,122429440
1562040876,122429440
1562040877,122429440
1562040878,122429440
1562040879,122429440
1562040880,122429440
1562040881,122429440
1562040882,122429440
1562040883,122429440
1562040884,122429440
1562040885,122429440
1562040886,122429440
1562040887,122429440
1562040888,122429440
1562040889,122429440
1562040890,122429440
1562040891,122429440
1562040892,122429440
1562040893,122429440
1562040894,122429440
1562040895,122429440
1562040896,122429440
1562040897,122429440
1562040898,122429440
1562040899,122429440
1562040900,122429440
1562040901,122429440
1562040902,122429440
1562040903,122429440
1562040904,122429440
1562040905,122429440
1562040906,122429440
1562040907,122429440
1562040908,122429440
1562040909,122429440
1562040910,122429440
1562040911,122429440
1562040912,122429440
1562040913,122429440
1562040914,122429440
1562040915,122429440
1562040916,122429440
1562040917,122429440
1562040918,122429440
1562040919,122429440
1562040920,122429440
1562040921,122429440
1562040922,122429440
1562040923,122429440
1562040924,122429440
1562040925,122429440
1562040926,122429440
1562040927,122429440
1562040928,122429440
1562040929,122429440
1562040930,122429440
1562040931,122429440
1562040932,122429440
1562040933,122429440
1562040934,122429440
1562040935,122429440
1562040936,122429440
1562040937,122429440
1562040938,122429440
1562040939,122429440
1562040940,122429440
1562040941,122429440
1562040942,122429440
1562040943,122429440
1562040944,122429440
1562040945,122429440
1562040946,122429440
1562040947,122429440
1562040948,122429440
1562040949,122429440
1562040950,122429440
1562040951,122429440
1562040952,122429440
1562040953,122429440
1562040954,122429440
1562040955,122429440
1562040956,122429440
1562040957,122429440
1562040958,122429440
1562040959,122429440
1562040960,122429440
1562040961,122429440
1562040962,122429440
1562040963,122429440
1562040964,122429440
1562040965,122429440
1562040966,122429440
1562040967,122429440
1562040968,122429440
1562040969,122429440
1562040970,122429440
1562040971,122429440
1562040972,122429440
1562040973,122429440
1562040974,122429440
1562040975,122429440
1562040976,122429440
1562040977,122429440
1562040978,122429440
1562040979,122429440
1562040980,122429440
1562040981,122429440
1562040982,122429440
1562040983,122429440
1562040984,122429440
1562040985,122429440
1562040986,122429440
1562040987,122429440
1562040988,122429440
1562040989,122429440
1562040990,122429440
1562040991,122429440
1562040992,122429440
1562040993,122429440
1562040994,122429440
1562040995,122429440
1562040996,122429440
1562040997,122429440
1562040998,122429440
1562040999,122429440
1562041000,122429440
1562041001,122429440
1562041002,122429440
1562041003,122429440
1562041004,122429440
1562041005,122429440
1562041006,122429440
1562041007,122429440
1562041008,122429440
1562041009,122429440
1562041010,122429440
1562041011,122429440
1562041012,122429440
1562041013,122429440
1562041014,122429440
1562041015,122429440
1562041016,122429440
1562041017,122429440
1562041018,122429440
1562041019,122429440
1562041020,122429440
1562041021,122429440
1562041022,122429440
1562041023,122429440
1562041024,122429440
1562041025,122429440
1562041026,122429440
1562041027,122429440
1562041028,122429440
1562041029,122429440
1562041030,122429440
1562041031,122429440
1562041032,122429440
1562041033,122429440
1562041034,122429440
1562041035,122429440
1562041036,122429440
1562041037,122429440
1562041038,122429440
1562041039,122429440
1562041040,122429440
1562041041,122429440
1562041042,122429440
1562041043,122429440
1562041044,122429440
1562041045,122429440
1562041046,122429440
1562041047,122429440
1562041048,122429440
1562041049,122429440
1562041050,122429440
1562041051,122429440
1562041052,122429440
1562041053,122429440
1562041054,122429440
1562041055,122429440
1562041056,122429440
1562041057,122429440
1562041058,122429440
1562041059,122429440
1562041060,122429440
1562041061,122429440
1562041062,122429440
1562041063,122429440
1562041064,122429440
1562041065,122429440
1562041066,122429440
1562041067,122429440
1562041068,122429440
1562041069,122429440
1562041070,122429440
1562041071,122429440
1562041072,122429440
1562041073,122429440
1562041074,122429440
1562041075,122429440
1562041076,122429440
1562041077,122429440
1562041078,122429440
1562041079,122429440
1562041080,122429440
1562041081,122429440
1562041082,122429440
1562041083,122429440
1562041084,122429440
1562041085,122429440
1562041086,122429440
1562041087,122429440
1562041088,122429440
1562041089,122429440
1562041090,122429440
1562041091,122429440
1562041092,122429440
1562041093,122429440
1562041094,122429440
1562041095,122429440
1562041096,122429440
1562041097,122429440
1562041098,122429440
1562041099,122429440
1562041100,122429440
1562041101,122429440
1562041102,122429440
1562041103,122429440
1562041104,122429440
1562041105,122429440
1562041106,122429440
1562041107,122429440
1562041108,122429440
1562041109,122429440
1562041110,122429440
1562041111,122429440
1562041112,122429440
1562041113,122429440
1562041114,122429440
1562041115,122429440
1562041116,122429440
1562041117,122429440
1562041118,122429440
1562041119,122429440
1562041120,122429440
1562041121,122429440
1562041122,122429440
1562041123,122429440
1562041124,122429440
1562041125,122429440
1562041126,122429440
1562041127,122429440
1562041128,122429440
1562041129,122429440
1562041130,122429440
1562041131,122429440
1562041132,122429440
1562041133,122429440
1562041134,122429440
1562041135,122429440
1562041136,122429440
1562041137,122429440
1562041138,122429440
1562041139,122429440
1562041140,122429440
1562041141,122429440
1562041142,122429440
1562041143,122429440
1562041144,122429440
1562041145,122429440
1562041146,122429440
1562041147,122429440
1562041148,122429440
1562041149,122429440
1562041150,122429440
1562041151,122429440
1562041152,122429440
1562041153,122429440
1562041154,122429440
1562041155,122429440
1562041156,122429440
1562041157,122429440
1562041158,122429440
1562041159,122429440
1562041160,122429440
1562041161,122429440
1562041162,122429440
1562041163,122429440
1562041164,122429440
1562041165,122429440
1562041166,122429440
1562041167,122429440
1562041168,122429440
1562041169,122429440
1562041170,122429440
1562041171,122429440
1562041172,122429440
1562041173,122429440
1562041174,122429440
1562041175,122429440
1562041176,122429440
1562041177,122429440
1562041178,122429440
1562041179,122429440
1562041180,122429440
1562041181,122429440
1562041182,122429440
1562041183,122429440
1562041184,122429440
1562041185,122429440
1562041186,122429440
1562041187,122429440
1562041188,122429440
1562041189,122429440
1562041190,122429440
1562041191,122429440
1562041192,122429440
1562041193,122429440
1562041194,122429440
1562041195,122429440
1562041197,122429440
1562041198,122429440
1562041199,122429440
1562041200,122429440
1562041201,122429440
1562041202,122429440
1562041203,122429440
1562041204,122429440
1562041205,122429440
1562041206,122429440
1562041207,122429440
1562041208,122429440
1562041209,122429440
1562041210,122429440
1562041211,122429440
1562041212,122429440
1562041213,122429440
1562041214,122429440
1562041215,122429440
1562041216,122429440
1562041217,122429440
1562041218,122429440
1562041219,122429440
1562041220,122429440
1562041221,122429440
1562041222,122429440
1562041223,122429440
1562041224,122429440
1562041225,122429440
1562041226,122429440
1562041227,122429440
1562041228,122429440
1562041229,122429440
1562041230,122429440
1562041231,122429440
1562041232,122429440
1562041233,122429440
1562041234,122429440
1562041235,122429440
1562041236,122429440
1562041237,122429440
1562041238,122429440
1562041239,122429440
1562041240,122429440
1562041241,122429440
1562041242,122429440
1562041243,122429440
1562041244,122429440
1562041245,122429440
1562041246,122429440
1562041247,122429440
1562041248,122429440
1562041249,122429440
1562041250,122429440
1562041251,122429440
1562041252,122429440
1562041253,122429440
1562041254,122429440
1562041255,122429440
1562041256,122429440
1562041257,122429440
1562041258,122429440
1562041259,122429440
1562041260,122429440
1562041261,122429440
1562041262,122429440
1562041263,122429440
1562041264,122429440
1562041265,122429440
1562041266,122429440
1562041267,122429440
1562041268,122429440
1562041269,122429440
1562041270,122429440
1562041271,122429440
1562041272,122429440
1562041273,122429440
1562041274,122429440
1562041275,122429440
1562041276,122429440
1562041277,122429440
1562041278,122429440
1562041279,122429440
1562041280,122429440
1562041281,122429440
1562041282,122429440
1562041283,122429440
1562041284,122429440
1562041285,122429440
1562041286,122429440
1562041287,122429440
1562041288,122429440
1562041289,122429440
1562041290,122429440
1562041291,122429440
1562041292,122429440
1562041293,122429440
1562041294,122429440
1562041295,122429440
1562041296,122429440
1562041297,122429440
1562041298,122429440
1562041299,122429440
1562041300,122429440
1562041301,122429440
1562041302,122429440
1562041303,122429440
1562041304,122429440
1562041305,122429440
1562041306,122429440
1562041307,122429440
1562041308,122429440
1562041309,122429440
1562041310,122429440
1562041311,122429440
1562041312,122429440
1562041313,122429440
1562041314,122429440
1562041315,122429440
1562041316,122429440
1562041317,122429440
1562041318,122429440
1562041319,122429440
1562041320,122429440
1562041321,122429440
1562041322,122429440
1562041323,122429440
1562041324,122429440
1562041325,122429440
1562041326,122429440
1562041327,122429440
1562041328,122429440
1562041329,122429440
1562041330,122429440
1562041331,122429440
1562041332,122429440
1562041333,122429440
1562041334,122429440
1562041335,122429440
1562041336,122429440
1562041337,122429440
1562041338,122429440
1562041339,122429440
1562041340,122429440
1562041341,122429440
1562041342,122429440
1562041343,122429440
1562041344,122429440
1562041345,122429440
1562041346,122429440
1562041347,122429440
1562041348,122429440
1562041349,122429440
1562041350,122429440
1562041351,122429440
1562041352,122429440
1562041353,122429440
1562041354,122429440
1562041355,122429440
1562041356,122429440
1562041357,122429440
1562041358,122429440
1562041359,122429440
1562041360,122429440
1562041361,122429440
1562041362,122429440
1562041363,122429440
1562041364,122429440
1562041365,122429440
1562041366,122429440
1562041367,122429440
1562041368,122429440
1562041369,122429440
1562041370,122429440
1562041371,122429440
1562041372,122429440
1562041373,122429440
1562041374,122429440
1562041375,122429440
1562041376,122429440
1562041377,122429440
1562041378,122429440
1562041379,122429440
1562041380,122429440
1562041381,122429440
1562041382,122429440
1562041383,122429440
1562041384,122429440
1562041385,122429440
1562041386,122429440
1562041387,122429440
1562041388,122429440
1562041389,122429440
1562041390,122429440
1562041391,122429440
1562041392,122429440
1562041393,122429440
1562041394,122429440
1562041395,122429440
1562041396,122429440
1562041397,122429440
1562041398,122429440
1562041399,122429440
1562041400,122429440
1562041401,122429440
1562041402,122429440
1562041403,122429440
1562041404,122429440
1562041405,122429440
1562041406,122429440
1562041407,122429440
1562041408,122429440
1562041409,122429440
1562041410,122429440
1562041411,122429440
1562041412,122429440
1562041413,122429440
1562041414,122429440
1562041415,122429440
1562041416,122429440
1562041417,122429440
1562041418,122429440
1562041419,122429440
1562041420,122429440
1562041421,122429440
1562041422,122429440
1562041423,122429440
1562041424,122429440
1562041425,122429440
1562041426,122429440
1562041427,122429440
1562041428,122429440
1562041429,122429440
1562041430,122429440
1562041431,122429440
1562041432,122429440
1562041433,122429440
1562041434,122429440
1562041435,122429440
1562041436,122429440
1562041437,122429440
1562041438,122429440
1562041439,122429440
1562041440,122429440
1562041441,122429440
1562041442,122429440
1562041443,122429440
1562041444,122429440
1562041445,122429440
1562041446,122429440
1562041447,122429440
1562041448,122429440
1562041449,122429440
1562041450,122429440
1562041451,122429440
1562041452,122429440
1562041453,122429440
1562041454,122429440
1562041455,122429440
1562041456,122429440
1562041457,122429440
1562041458,122429440
1562041459,122429440
1562041460,122429440
1562041461,122429440
1562041462,122429440
1562041463,122429440
1562041464,122429440
1562041465,122429440
1562041466,122429440
1562041467,122429440
1562041468,122429440
1562041469,122429440
1562041470,122429440
1562041471,122429440
1562041472,122429440
1562041473,122429440
1562041474,122429440
1562041475,122429440
1562041476,122429440
1562041477,122429440
1562041478,122429440
1562041479,122429440
1562041480,122429440
1562041481,122429440
1562041482,122429440
1562041483,122429440
1562041484,122429440
1562041485,122429440
1562041486,122429440
1562041487,122429440
1562041488,122429440
1562041489,122429440
1562041490,122429440
1562041491,122429440
1562041492,122429440
1562041493,122429440
1562041494,122429440
1562041495,122429440
1562041496,122429440
1562041497,122429440
1562041498,122429440
1562041499,122429440
1562041500,122429440
1562041501,122429440
1562041502,122429440
1562041503,122429440
1562041504,122429440
1562041505,122429440
1562041506,122429440
1562041507,122429440
1562041508,122429440
1562041509,122429440
1562041510,122429440
1562041511,122429440
1562041512,122429440
1562041513,122429440
1562041514,122429440
1562041515,122429440
1562041516,122429440
1562041517,122429440
1562041518,122429440
1562041519,122429440
1562041520,122429440
1562041521,122429440
1562041522,122429440
1562041523,122429440
1562041524,122429440
1562041525,122429440
1562041526,122429440
1562041527,122429440
1562041528,122429440
1562041529,122429440
1562041530,122429440
1562041531,122429440
1562041532,122429440
1562041533,122429440
1562041534,122429440
1562041535,122429440
1562041536,122429440
1562041537,122429440
1562041538,122429440
1562041539,122429440
1562041540,122429440
1562041541,122429440
1562041542,122429440
1562041543,122429440
1562041544,122429440
1562041545,122429440
1562041546,122429440
1562041547,122429440
1562041548,122429440
1562041549,122429440
1562041550,122429440
1562041551,122429440
1562041552,122429440
1562041553,122429440
1562041554,122429440
1562041555,122429440
1562041556,122429440
1562041557,122429440
1562041558,122429440
1562041559,122429440
1562041560,122429440
1562041561,122429440
1562041562,122429440
1562041563,122429440
1562041564,122429440
1562041565,122429440
1562041566,122429440
1562041567,122429440
1562041568,122429440
1562041569,122429440
1562041570,122429440
1562041571,122429440
1562041572,122429440
1562041573,122429440
1562041574,122429440
1562041575,122429440
1562041576,122429440
1562041577,122429440
1562041578,122429440
1562041579,122429440
1562041580,122429440
1562041581,122429440
1562041582,122429440
1562041583,122429440
1562041584,122429440
1562041585,122429440
1562041586,122429440
1562041587,122429440
1562041588,122429440
1562041589,122429440
1562041590,122429440
1562041591,122429440
1562041592,122429440
1562041593,122429440
1562041594,122429440
1562041595,122429440
1562041596,122429440
1562041597,122429440
1562041598,122429440
1562041599,122429440
1562041600,122429440
1562041601,122429440
1562041602,122429440
1562041603,122429440
1562041604,122429440
1562041605,122429440
1562041606,122429440
1562041607,122429440
1562041608,122429440
1562041609,122429440
1562041610,122429440
1562041611,122429440
1562041612,122429440
1562041613,122429440
1562041614,122429440
1562041615,122429440
1562041616,122429440
1562041617,122429440
1562041618,122429440
1562041619,122429440
1562041620,122429440
1562041621,122429440
1562041622,122429440
1562041623,122429440
1562041624,122429440
1562041625,122429440
1562041626,122429440
1562041627,122429440
1562041628,122429440
1562041629,122429440
1562041630,122429440
1562041631,122429440
1562041632,122429440
1562041633,122429440
1562041634,122429440
1562041635,122429440
1562041636,122429440
1562041637,122429440
1562041638,122429440
1562041639,122429440
1562041640,122429440
1562041641,122429440
1562041642,122429440
1562041643,122429440
1562041644,122429440
1562041645,122429440
1562041646,122429440
1562041647,122429440
1562041648,122429440
1562041649,122429440
1562041650,122429440
1562041651,122429440
1562041652,122429440
1562041653,122429440
1562041654,122429440
1562041655,122429440
1562041656,122429440
1562041657,122429440
1562041658,122429440
1562041659,122429440
1562041660,122429440
1562041661,122429440
1562041662,122429440
1562041663,122429440
1562041664,122429440
1562041665,122429440
1562041666,122429440
1562041667,122429440
1562041668,122429440
1562041669,122429440
1562041670,122429440
1562041671,122429440
1562041672,122429440
1562041673,122429440
1562041674,122429440
1562041675,122429440
1562041676,122429440
1562041677,122429440
1562041678,122429440
1562041679,122429440
1562041680,122429440
1562041681,122429440
1562041682,122429440
1562041683,122429440
1562041684,122429440
1562041685,122429440
1562041686,122429440
1562041687,122429440
1562041688,122429440
1562041689,122429440
1562041690,122429440
1562041691,122429440
1562041692,122429440
1562041693,122429440
1562041694,122429440
1562041695,122429440
1562041696,122429440
1562041697,122429440
1562041698,122429440
1562041699,122429440
1562041700,122429440
1562041701,122429440
1562041702,122429440
1562041703,122429440
1562041704,122429440
1562041705,122429440
1562041706,122429440
1562041707,122429440
1562041708,122429440
1562041709,122429440
1562041710,122429440
1562041711,122429440
1562041712,122429440
1562041713,122429440
1562041714,122429440
1562041715,122429440
1562041716,122429440
1562041717,122429440
1562041718,122429440
1562041719,122429440
1562041720,122429440
1562041721,122429440
1562041722,122429440
1562041723,122429440
1562041724,122429440
1562041725,122429440
1562041726,122429440
1562041727,122429440
1562041728,122429440
1562041729,122429440
1562041730,122429440
1562041731,122429440
1562041732,122429440
1562041733,122429440
1562041734,122429440
1562041735,122429440
1562041736,122429440
1562041737,122429440
1562041738,122429440
1562041739,122429440
1562041740,122429440
1562041741,122429440
1562041742,122429440
1562041743,122429440
1562041744,122429440
1562041745,122429440
1562041746,122429440
1562041747,122429440
1562041748,122429440
1562041749,122429440
1562041750,122429440
1562041751,122429440
1562041752,122429440
1562041753,122429440
1562041754,122429440
1562041755,122429440
1562041756,122429440
1562041757,122429440
1562041758,122429440
1562041759,122429440
1562041760,122429440
1562041761,122429440
1562041762,122429440
1562041763,122429440
1562041764,122429440
1562041765,122429440
1562041766,122429440
1562041767,122429440
1562041768,122429440
1562041769,122429440
1562041770,122429440
1562041771,122429440
1562041772,122429440
1562041773,122429440
1562041774,122429440
1562041775,122429440
1562041776,122429440
1562041777,122429440
1562041778,122429440
1562041779,122429440
1562041780,122429440
1562041781,122429440
1562041782,122429440
1562041783,122429440
1562041784,122429440
1562041785,122429440
1562041786,122429440
1562041787,122429440
1562041788,122429440
1562041789,122429440
1562041790,122429440
1562041791,122429440
1562041792,122429440
1562041793,122429440
1562041794,122429440
1562041795,122429440
1562041796,122429440
1562041797,122429440
1562041798,122429440
1562041799,122429440
1562041800,122429440
1562041802,122429440
1562041803,122429440
1562041804,122429440
1562041805,122429440
1562041806,122429440
1562041807,122429440
1562041808,122429440
1562041809,122429440
1562041810,122429440
1562041811,122429440
1562041812,122429440
1562041813,122429440
1562041814,122429440
1562041815,122429440
1562041816,122429440
1562041817,122429440
1562041818,122429440
1562041819,122429440
1562041820,122429440
1562041821,122429440
1562041822,122429440
1562041823,122429440
1562041824,122429440
1562041825,122429440
1562041826,122429440
1562041827,122429440
1562041828,122429440
1562041829,122429440
1562041830,122429440
1562041831,122429440
1562041832,122429440
1562041833,122429440
1562041834,122429440
1562041835,122429440
1562041836,122429440
1562041837,122429440
1562041838,122429440
1562041839,122429440
1562041840,122429440
1562041841,122429440
1562041842,122429440
1562041843,122429440
1562041844,122429440
1562041845,122429440
1562041846,122429440
1562041847,122429440
1562041848,122429440
1562041849,122429440
1562041850,122429440
1562041851,122429440
1562041852,122429440
1562041853,122429440
1562041854,122429440
1562041855,122429440
1562041856,122429440
1562041857,122429440
1562041858,122429440
1562041859,122429440
1562041860,122429440
1562041861,122429440
1562041862,122429440
1562041863,122429440
1562041864,122429440
1562041865,122429440
1562041866,122429440
1562041867,122429440
1562041868,122429440
1562041869,122429440
1562041870,122429440
1562041871,122429440
1562041872,122429440
1562041873,122429440
1562041874,122429440
1562041875,122429440
1562041876,122429440
1562041877,122429440
1562041878,122429440
1562041879,122429440
1562041880,122429440
1562041881,122429440
1562041882,122429440
1562041883,122429440
1562041884,122429440
1562041885,122429440
1562041886,122429440
1562041887,122429440
1562041888,122429440
1562041889,122429440
1562041890,122429440
1562041891,122429440
1562041892,122429440
1562041893,122429440
1562041894,122429440
1562041895,122429440
1562041896,122429440
1562041897,122429440
1562041898,122429440
1562041899,122429440
1562041900,122429440
1562041901,122429440
1562041902,122429440
1562041903,122429440
1562041904,122429440
1562041905,122429440
1562041906,122429440
1562041907,122429440
1562041908,122429440
1562041909,122429440
1562041910,122429440
1562041911,122429440
1562041912,122429440
1562041913,122429440
1562041914,122429440
1562041915,122429440
1562041916,122429440
1562041917,122429440
1562041918,122429440
1562041919,122429440
1562041920,122429440
1562041921,122429440
1562041922,122429440
1562041923,122429440
1562041924,122429440
1562041925,122429440
1562041926,122429440
1562041927,122429440
1562041928,122429440
1562041929,122429440
1562041930,122429440
1562041931,122429440
1562041932,122429440
1562041933,122429440
1562041934,122429440
1562041935,122429440
1562041936,122429440
1562041937,122429440
1562041938,122429440
1562041939,122429440
1562041940,122429440
1562041941,122429440
1562041942,122429440
1562041943,122429440
1562041944,122429440
1562041945,122429440
1562041946,122429440
1562041947,122429440
1562041948,122429440
1562041949,122429440
1562041950,122429440
1562041951,122429440
1562041952,122429440
1562041953,122429440
1562041954,122429440
1562041955,122429440
1562041956,122429440
1562041957,122429440
1562041958,122429440
1562041959,122429440
1562041960,122429440
1562041961,122429440
1562041962,122429440
1562041963,122429440
1562041964,122429440
1562041965,122429440
1562041966,122429440
1562041967,122429440
1562041968,122429440
1562041969,122429440
1562041970,122429440
1562041971,122429440
1562041972,122429440
1562041973,122429440
1562041974,122429440
1562041975,122429440
1562041976,122429440
1562041977,122429440
1562041978,122429440
1562041979,122429440
1562041980,122429440
1562041981,122429440
1562041982,122429440
1562041983,122429440
1562041984,122429440
1562041985,122429440
1562041986,122429440
1562041987,122429440
1562041988,122429440
1562041989,122429440
1562041990,122429440
1562041991,122429440
1562041992,122429440
1562041993,122429440
1562041994,122429440
1562041995,122429440
1562041996,122429440
1562041997,122429440
1562041998,122429440
1562041999,122429440
1562042000,122429440
1562042001,122429440
1562042002,122429440
1562042003,122429440
1562042004,122429440
1562042005,122429440
1562042006,122429440
1562042007,122429440
1562042008,122429440
1562042009,122429440
1562042010,122429440
1562042011,122429440
1562042012,122429440
1562042013,122429440
1562042014,122429440
1562042015,122429440
1562042016,122429440
1562042017,122429440
1562042018,122429440
1562042019,122429440
1562042020,122429440
1562042021,122429440
1562042022,122429440
1562042023,122429440
1562042024,122429440
1562042025,122429440
1562042026,122429440
1562042027,122429440
1562042028,122429440
1562042029,122429440
1562042030,122429440
1562042031,122429440
1562042032,122429440
1562042033,122429440
1562042034,122429440
1562042035,122429440
1562042036,122429440
1562042037,122429440
1562042038,122429440
1562042039,122429440
1562042040,122429440
1562042041,122429440
1562042042,122429440
1562042043,122429440
1562042044,122429440
1562042045,122429440
1562042046,122429440
1562042047,122429440
1562042048,122429440
1562042049,122429440
1562042050,122429440
1562042051,122429440
1562042052,122429440
1562042053,122429440
1562042054,122429440
1562042055,122429440
1562042056,122429440
1562042057,122429440
1562042058,122429440
1562042059,122429440
1562042060,122429440
1562042061,122429440
1562042062,122429440
1562042063,122429440
1562042064,122429440
1562042065,122429440
1562042066,122429440
1562042067,122429440
1562042068,122429440
1562042069,122429440
1562042070,122429440
1562042071,122429440
1562042072,122429440
1562042073,122429440
1562042074,122429440
1562042075,122429440
1562042076,122429440
1562042077,122429440
1562042078,122429440
1562042079,122429440
1562042080,122429440
1562042081,122429440
1562042082,122429440
1562042083,122429440
1562042084,122429440
1562042085,122429440
1562042086,122429440
1562042087,122429440
1562042088,122429440
1562042089,122429440
1562042090,122429440
1562042091,122429440
1562042092,122429440
1562042093,122429440
1562042094,122429440
1562042095,122429440
1562042096,122429440
1562042097,122429440
1562042098,122429440
1562042099,122429440
1562042100,122429440
1562042101,122429440
1562042102,122429440
1562042103,122429440
1562042104,122429440
1562042105,122429440
1562042106,122429440
1562042107,122429440
1562042108,122429440
1562042109,122429440
1562042110,122429440
1562042111,122429440
1562042112,122429440
1562042113,122429440
1562042114,122429440
1562042115,122429440
1562042116,122429440
1562042117,122429440
1562042118,122429440
1562042119,122429440
1562042120,122429440
1562042121,122429440
1562042122,122429440
1562042123,122429440
1562042124,122429440
1562042125,122429440
1562042126,122429440
1562042127,122429440
1562042128,122429440
1562042129,122429440
1562042130,122429440
1562042131,122429440
1562042132,122429440
1562042133,122429440
1562042134,122429440
1562042135,122429440
1562042136,122429440
1562042137,122429440
1562042138,122429440
1562042139,122429440
1562042140,122429440
1562042141,122429440
1562042142,122429440
1562042143,122429440
1562042144,122429440
1562042145,122429440
1562042146,122429440
1562042147,122429440
1562042148,122429440
1562042149,122429440
1562042150,122429440
1562042151,122429440
1562042152,122429440
1562042153,122429440
1562042154,122429440
1562042155,122429440
1562042156,122429440
1562042157,122429440
1562042158,122429440
1562042159,122429440
1562042160,122429440
1562042161,122429440
1562042162,122429440
1562042163,122429440
1562042164,122429440
1562042165,122429440
1562042166,122429440
1562042167,122429440
1562042168,122429440
1562042169,122429440
1562042170,122429440
1562042171,122429440
1562042172,122429440
1562042173,122429440
1562042174,122429440
1562042175,122429440
1562042176,122429440
1562042177,122429440
1562042178,122429440
1562042179,122429440
1562042180,122429440
1562042181,122429440
1562042182,122429440
1562042183,122429440
1562042184,122429440
1562042185,122429440
1562042186,122429440
1562042187,122429440
1562042188,122429440
1562042189,122429440
1562042190,122429440
1562042191,122429440
1562042192,122429440
1562042193,122429440
1562042194,122429440
1562042195,122429440
1562042196,122429440
1562042197,122429440
1562042198,122429440
1562042199,122429440
1562042200,122429440
1562042201,122429440
1562042202,122429440
1562042203,122429440
1562042204,122429440
1562042205,122429440
1562042206,122429440
1562042207,122429440
1562042208,122429440
1562042209,122429440
1562042210,122429440
1562042211,122429440
1562042212,122429440
1562042213,122429440
1562042214,122429440
1562042215,122429440
1562042216,122429440
1562042217,122429440
1562042218,122429440
1562042219,122429440
1562042220,122429440
1562042221,122429440
1562042222,122429440
1562042223,122429440
1562042224,122429440
1562042225,122429440
1562042226,122429440
1562042227,122429440
1562042228,122429440
1562042229,122429440
1562042230,122429440
1562042231,122429440
1562042232,122429440
1562042233,122429440
1562042234,122429440
1562042235,122429440
1562042236,122429440
1562042237,122429440
1562042238,122429440
1562042239,122429440
1562042240,122429440
1562042241,122429440
1562042242,122429440
1562042243,122429440
1562042244,122429440
1562042245,122429440
1562042246,122429440
1562042247,122429440
1562042248,122429440
1562042249,122429440
1562042250,122429440
1562042251,122429440
1562042252,122429440
1562042253,122429440
1562042254,122429440
1562042255,122429440
1562042256,122429440
1562042257,122429440
1562042258,122429440
1562042259,122429440
1562042260,122429440
1562042261,122429440
1562042262,122429440
1562042263,122429440
1562042264,122429440
1562042265,122429440
1562042266,122429440
1562042267,122429440
1562042268,122429440
1562042269,122429440
1562042270,122429440
1562042271,122429440
1562042272,122429440
1562042273,122429440
1562042274,122429440
1562042275,122429440
1562042276,122429440
1562042277,122429440
1562042278,122429440
1562042279,122429440
1562042280,122429440
1562042281,122429440
1562042282,122429440
1562042283,122429440
1562042284,122429440
1562042285,122429440
1562042286,122429440
1562042287,122429440
1562042288,122429440
1562042289,122429440
1562042290,122429440
1562042291,122429440
1562042292,122429440
1562042293,122429440
1562042294,122429440
1562042295,122429440
1562042296,122429440
1562042297,122429440
1562042298,122429440
1562042299,122429440
1562042300,122429440
1562042301,122429440
1562042302,122429440
1562042303,122429440
1562042304,122429440
1562042305,122429440
1562042306,122429440
1562042307,122429440
1562042308,122429440
1562042309,122429440
1562042310,122429440
1562042311,122429440
1562042312,122429440
1562042313,122429440
1562042314,122429440
1562042315,122429440
1562042316,122429440
1562042317,122429440
1562042318,122429440
1562042319,122429440
1562042320,122429440
1562042321,122429440
1562042322,122429440
1562042323,122429440
1562042324,122429440
1562042325,122429440
1562042326,122429440
1562042327,122429440
1562042328,122429440
1562042329,122429440
1562042330,122429440
1562042331,122429440
1562042332,122429440
1562042333,122429440
1562042334,122429440
1562042335,122429440
1562042336,122429440
1562042337,122429440
1562042338,122429440
1562042339,122429440
1562042340,122429440
1562042341,122429440
1562042342,122429440
1562042343,122429440
1562042344,122429440
1562042345,122429440
1562042346,122429440
1562042347,122429440
1562042348,122429440
1562042349,122429440
1562042350,122429440
1562042351,122429440
1562042352,122429440
1562042353,122429440
1562042354,122429440
1562042355,122429440
1562042356,122429440
1562042357,122429440
1562042358,122429440
1562042359,122429440
1562042360,122429440
1562042361,122429440
1562042362,122429440
1562042363,122429440
1562042364,122429440
1562042365,122429440
1562042366,122429440
1562042367,122429440
1562042368,122429440
1562042369,122429440
1562042370,122429440
1562042371,122429440
1562042372,122429440
1562042373,122429440
1562042374,122429440
1562042375,122429440
1562042376,122429440
1562042377,122429440
1562042378,122429440
1562042379,122429440
1562042380,122429440
1562042381,122429440
1562042382,122429440
1562042383,122429440
1562042384,122429440
1562042385,122429440
1562042386,122429440
1562042387,122429440
1562042388,122429440
1562042389,122429440
1562042390,122429440
1562042391,122429440
1562042392,122429440
1562042393,122429440
1562042394,122429440
1562042395,122429440
1562042396,122429440
1562042397,122429440
1562042398,122429440
1562042399,122429440
1562042400,122429440
1562042401,122429440
1562042402,122429440
1562042403,122429440
1562042404,122429440
1562042405,122429440
1562042406,122429440
1562042407,122429440
1562042408,122429440
1562042409,122429440
1562042410,122429440
1562042411,122429440
1562042412,122429440
1562042413,122429440
1562042414,122429440
1562042415,122429440
1562042416,122429440
1562042417,122429440
1562042418,122429440
1562042419,122429440
1562042420,122429440
1562042421,122429440
1562042422,122429440
1562042423,122429440
1562042424,122429440
1562042425,122429440
1562042426,122429440
1562042427,122429440
1562042428,122429440
1562042429,122429440
1562042430,122429440
1562042431,122429440
1562042432,122429440
1562042433,122429440
1562042434,122429440
1562042435,122429440
1562042436,122429440
1562042437,122429440
1562042438,122429440
1562042439,122429440
1562042440,122429440
1562042441,122429440
1562042442,122429440
1562042443,122429440
1562042444,122429440
1562042445,122429440
1562042446,122429440
1562042447,122429440
1562042448,122429440
1562042449,122429440
1562042450,122429440
1562042451,122429440
1562042452,122429440
1562042453,122429440
1562042454,122429440
1562042455,122429440
1562042456,122429440
1562042457,122429440
1562042458,122429440
1562042459,122429440
1562042460,122429440
1562042461,122429440
1562042462,122429440
1562042463,122429440
1562042464,122429440
1562042465,122429440
1562042466,122429440
1562042467,122429440
1562042468,122429440
1562042469,122429440
1562042470,122429440
1562042471,122429440
1562042472,122429440
1562042473,122429440
1562042474,122429440
1562042475,122429440
1562042476,122429440
1562042477,122429440
1562042478,122429440
1562042479,122429440
1562042480,122429440
1562042481,122429440
1562042482,122429440
1562042483,122429440
1562042484,122429440
1562042485,122429440
1562042486,122429440
1562042487,122429440
1562042488,122429440
1562042489,122699776
1562042490,122699776
1562042491,122699776
1562042492,122699776
1562042493,122699776
1562042494,122699776
1562042495,122699776
1562042496,122699776
1562042497,122699776
1562042498,122699776
1562042499,122699776
1562042500,122699776
1562042501,122699776
1562042502,122699776
1562042503,122699776
1562042504,122699776
1562042505,122699776
1562042506,122699776
1562042507,122699776
1562042508,122699776
1562042509,122699776
1562042510,122699776
1562042511,122699776
1562042512,122699776
1562042513,122699776
1562042514,122699776
1562042515,122699776
1562042516,122699776
1562042517,122699776
1562042518,122699776
1562042519,122699776
1562042520,122699776
1562042521,122699776
1562042522,122699776
1562042523,122699776
1562042524,122699776
1562042525,122699776
1562042526,122699776
1562042527,122699776
1562042528,122699776
1562042529,122699776
1562042530,122699776
1562042531,122699776
1562042532,122699776
1562042533,122699776
1562042534,122699776
1562042535,122699776
1562042536,122699776
1562042537,122699776
1562042538,122699776
1562042539,122699776
1562042540,122699776
1562042541,122699776
1562042542,122699776
1562042543,122699776
1562042544,122699776
1562042545,122699776
1562042546,122699776
1562042547,122699776
1562042548,122699776
1562042549,122699776
1562042550,122699776
1562042551,122699776
1562042552,122699776
1562042553,122699776
1562042554,122699776
1562042555,122699776
1562042556,122699776
1562042557,122699776
1562042558,122699776
1562042559,122699776
1562042560,122699776
1562042561,122699776
1562042562,122699776
1562042563,122699776
1562042564,122699776
1562042565,122699776
1562042566,122699776
1562042567,122699776
1562042568,122699776
1562042569,122699776
1562042570,122699776
1562042571,122699776
1562042572,122699776
1562042573,122699776
1562042574,122699776
1562042575,122699776
1562042576,122699776
1562042577,122699776
1562042578,122699776
1562042579,122699776
1562042580,122699776
1562042581,122699776
1562042582,122699776
1562042583,122699776
1562042584,122699776
1562042585,122699776
1562042586,122699776
1562042587,122699776
1562042588,122699776
1562042589,122699776
1562042590,122699776
1562042591,122699776
1562042592,122699776
1562042593,122699776
1562042594,122699776
1562042595,122699776
1562042596,122699776
1562042597,122699776
1562042598,122699776
1562042599,122699776
1562042600,122699776
1562042601,122699776
1562042602,122699776
1562042603,122699776
1562042604,122699776
1562042605,122699776
1562042606,122699776
1562042607,122699776
1562042608,122699776
1562042609,122699776
1562042610,122699776
1562042611,122699776
1562042612,122699776
1562042613,122699776
1562042614,122699776
1562042615,122699776
1562042616,122699776
1562042617,122699776
1562042618,122699776
1562042619,122699776
1562042620,122699776
1562042621,122699776
1562042622,122699776
1562042623,122699776
1562042624,122699776
1562042625,122699776
1562042626,122699776
1562042627,122699776
1562042628,122699776
1562042629,122699776
1562042630,122699776
1562042631,122699776
1562042632,122699776
1562042633,122699776
1562042634,122699776
1562042635,122699776
1562042636,122699776
1562042637,122699776
1562042638,122699776
1562042639,122699776
1562042640,122699776
1562042641,122699776
1562042642,122699776
1562042643,122699776
1562042644,122699776
1562042645,122699776
1562042646,122699776
1562042647,122699776
1562042648,122699776
1562042649,122699776
1562042650,122699776
1562042651,122699776
1562042652,122699776
1562042653,122699776
1562042654,122699776
1562042655,122699776
1562042656,122699776
1562042657,122699776
1562042658,122699776
1562042659,122699776
1562042660,122699776
1562042661,122699776
1562042662,122699776
1562042663,122699776
1562042664,122699776
1562042665,122699776
1562042666,122699776
1562042667,122699776
1562042668,122699776
1562042669,122699776
1562042670,122699776
1562042671,122699776
1562042672,122699776
1562042673,122699776
1562042674,122699776
1562042675,122699776
1562042676,122699776
1562042677,122699776
1562042678,122699776
1562042679,122699776
1562042680,122699776
1562042681,122699776
1562042682,122699776
1562042683,122699776
1562042684,122699776
1562042685,122699776
1562042686,122699776
1562042687,122699776
1562042688,122699776
1562042689,122699776
1562042690,122699776
1562042691,122699776
1562042692,122699776
1562042693,122699776
1562042694,122699776
1562042695,122699776
1562042696,122699776
1562042697,122699776
1562042698,122699776
1562042699,122699776
1562042700,122699776
1562042701,122699776
1562042702,122699776
1562042703,122699776
1562042704,122699776
1562042705,122699776
1562042706,122699776
1562042707,122699776
1562042708,122699776
1562042709,122699776
1562042710,122699776
1562042711,122699776
1562042712,122699776
1562042713,122699776
1562042714,122699776
1562042715,122699776
1562042716,122699776
1562042717,122699776
1562042718,122699776
1562042719,122699776
1562042720,122699776
1562042721,122699776
1562042722,122699776
1562042723,122699776
1562042724,122699776
1562042725,122699776
1562042726,122699776
1562042727,122699776
1562042728,122699776
1562042729,122699776
1562042730,122699776
1562042731,122699776
1562042732,122699776
1562042733,122699776
1562042734,122699776
1562042735,122699776
1562042736,122699776
1562042737,122699776
1562042738,122699776
1562042739,122699776
1562042740,122699776
1562042741,122699776
1562042742,122699776
1562042743,122699776
1562042744,122699776
1562042745,122699776
1562042746,122699776
1562042747,122699776
1562042748,122699776
1562042749,122699776
1562042750,122699776
1562042751,122699776
1562042752,122699776
1562042753,122699776
1562042754,122699776
1562042755,122699776
1562042756,122699776
1562042757,122699776
1562042758,122699776
1562042759,122699776
1562042760,122699776
1562042761,122699776
1562042762,122699776
1562042763,122699776
1562042764,122699776
1562042765,122699776
1562042766,122699776
1562042767,122699776
1562042768,122699776
1562042769,122699776
1562042770,122699776
1562042771,122699776
1562042772,122699776
1562042773,122699776
1562042774,122699776
1562042775,122699776
1562042776,122699776
1562042777,122699776
1562042778,122699776
1562042779,122699776
1562042780,122699776
1562042781,122699776
1562042782,122699776
1562042783,122699776
1562042784,122699776
1562042785,122699776
1562042786,122699776
1562042787,122699776
1562042788,122699776
1562042789,122699776
1562042790,122699776
1562042791,122699776
1562042792,122699776
1562042793,122699776
1562042794,122699776
1562042795,122699776
1562042796,122699776
1562042797,122699776
1562042798,122699776
1562042799,122699776
1562042800,122699776
1562042801,122699776
1562042802,122699776
1562042803,122699776
1562042804,122699776
1562042805,122699776
1562042806,122699776
1562042807,122699776
1562042808,122699776
1562042809,122699776
1562042810,122699776
1562042811,122699776
1562042812,122699776
1562042813,122699776
1562042814,122699776
1562042815,122699776
1562042816,122699776
1562042817,122699776
1562042818,122699776
1562042819,122699776
1562042820,120979456
1562042821,120979456
1562042822,120979456
1562042823,120979456
1562042824,120979456
1562042825,120979456
1562042826,120979456
1562042827,120979456
1562042828,120979456
1562042829,120979456
1562042830,120979456
1562042831,120979456
1562042832,120979456
1562042833,120979456
1562042834,120979456
1562042835,120979456
1562042836,120979456
1562042837,120979456
1562042838,120979456
1562042839,120979456
1562042840,120979456
1562042841,120979456
1562042842,120979456
1562042843,120979456
1562042844,120979456
1562042845,120979456
1562042846,120979456
1562042847,120979456
1562042848,120979456
1562042849,120979456
1562042850,120979456
1562042851,120979456
1562042852,120979456
1562042853,120979456
1562042854,120979456
1562042855,120979456
1562042856,120979456
1562042857,120979456
1562042858,120979456
1562042859,120979456
1562042860,120979456
1562042861,120979456
1562042862,120979456
1562042863,120979456
1562042864,120979456
1562042865,120979456
1562042866,120979456
1562042867,120979456
1562042868,120979456
1562042869,120979456
1562042870,120979456
1562042871,120979456
1562042872,120979456
1562042873,120979456
1562042874,120979456
1562042875,120979456
1562042876,120979456
1562042877,120979456
1562042878,120979456
1562042879,120979456
1562042880,120979456
1562042881,120979456
1562042882,120979456
1562042883,120979456
1562042884,120979456
1562042885,120979456
1562042886,120979456
1562042887,120979456
1562042888,120979456
1562042889,120979456
1562042890,120979456
1562042891,120979456
1562042892,120979456
1562042893,120979456
1562042894,120979456
1562042895,120979456
1562042896,120979456
1562042897,120979456
1562042898,120979456
1562042899,120979456
1562042900,120979456
1562042901,120979456
1562042902,120979456
1562042903,120979456
1562042904,120979456
1562042905,120979456
1562042906,120979456
1562042907,120979456
1562042908,120979456
1562042909,120979456
1562042910,120979456
1562042911,120979456
1562042912,120979456
1562042913,120979456
1562042914,120979456
1562042915,120979456
1562042916,120979456
1562042917,120979456
1562042918,120979456
1562042919,120979456
1562042920,120979456
1562042921,120979456
1562042922,120979456
1562042923,120979456
1562042924,120979456
1562042925,120979456
1562042926,120979456
1562042927,120979456
1562042928,120979456
1562042929,120979456
1562042930,120979456
1562042931,120979456
1562042932,120979456
1562042933,120979456
1562042934,120979456
1562042935,120979456
1562042936,120979456
1562042937,120979456
1562042938,120979456
1562042939,120979456
1562042940,120979456
1562042941,120979456
1562042942,120979456
1562042943,120979456
1562042944,120979456
1562042945,120979456
1562042946,120979456
1562042947,120979456
1562042948,120979456
1562042949,120979456
1562042950,121249792
1562042951,121249792
1562042952,121249792
1562042953,121249792
1562042954,121249792
1562042955,121249792
1562042956,121249792
1562042957,121249792
1562042958,121249792
1562042959,121249792
1562042960,121249792
1562042961,121249792
1562042962,121249792
1562042963,121249792
1562042964,121249792
1562042965,121249792
1562042966,121249792
1562042967,121249792
1562042968,121249792
1562042969,121249792
1562042970,121249792
1562042971,121249792
1562042972,121249792
1562042973,121249792
1562042974,121249792
1562042975,121249792
1562042976,121249792
1562042977,121249792
1562042978,121249792
1562042979,121249792
1562042980,121249792
1562042981,121249792
1562042982,121249792
1562042983,121249792
1562042984,121249792
1562042985,121249792
1562042986,121249792
1562042987,121790464
1562042988,121790464
1562042989,121790464
1562042990,121790464
1562042991,121790464
1562042992,121790464
1562042993,121790464
1562042994,121790464
1562042995,121790464
1562042996,121790464
1562042997,121790464
1562042998,121790464
1562042999,121790464
1562043000,121790464
1562043001,121790464
1562043002,121790464
1562043003,121790464
1562043004,121790464
1562043005,121790464
1562043006,121790464
1562043007,121790464
1562043008,121790464
1562043009,121790464
1562043010,121790464
1562043011,121790464
1562043012,121790464
1562043013,121790464
1562043014,121790464
1562043015,121790464
1562043016,121790464
1562043017,121790464
1562043018,121790464
1562043019,121790464
1562043020,121790464
1562043021,121790464
1562043022,121790464
1562043023,121790464
1562043024,121790464
1562043025,121790464
1562043026,121790464
1562043027,121790464
1562043028,121790464
1562043029,121790464
1562043030,121790464
1562043031,121790464
1562043032,121790464
1562043033,121790464
1562043034,121790464
1562043035,121790464
1562043036,121790464
1562043037,121790464
1562043038,121790464
1562043039,121790464
1562043040,121790464
1562043041,121790464
1562043042,121790464
1562043043,121790464
1562043044,121790464
1562043045,121790464
1562043046,121790464
1562043047,121790464
1562043048,121790464
1562043049,121790464
1562043050,121790464
1562043051,121790464
1562043052,121790464
1562043053,121790464
1562043054,121790464
1562043055,121790464
1562043056,121790464
1562043057,121790464
1562043058,121790464
1562043059,121790464
1562043060,121790464
1562043061,121790464
1562043062,121790464
1562043063,121790464
1562043064,121790464
1562043065,121790464
1562043066,121790464
1562043067,121790464
1562043068,121790464
1562043069,121790464
1562043070,121790464
1562043071,121790464
1562043072,121790464
1562043073,121790464
1562043074,121790464
1562043075,121790464
1562043076,121790464
1562043077,121790464
1562043078,121790464
1562043079,121790464
1562043080,121790464
1562043081,121790464
1562043082,121790464
1562043083,121790464
1562043084,121790464
1562043085,121790464
1562043086,121790464
1562043087,121790464
1562043088,121790464
1562043089,121790464
1562043090,121790464
1562043091,121790464
1562043092,121790464
1562043093,121790464
1562043094,121790464
1562043095,121790464
1562043096,121790464
1562043097,121790464
1562043098,121790464
1562043099,121790464
1562043100,121790464
1562043101,121790464
1562043102,121790464
1562043103,121790464
1562043104,121790464
1562043105,121790464
1562043106,121790464
1562043107,121790464
1562043108,121790464
1562043109,121790464
1562043110,121790464
1562043111,121790464
1562043112,121790464
1562043113,121790464
1562043114,121790464
1562043115,121790464
1562043116,121790464
1562043117,121790464
1562043118,121790464
1562043119,121790464
1562043120,121790464
1562043121,121790464
1562043122,121790464
1562043123,121790464
1562043124,121790464
1562043125,121790464
1562043126,121790464
1562043127,121790464
1562043128,121790464
1562043129,121790464
1562043130,121790464
1562043131,121790464
1562043132,121790464
1562043133,121790464
1562043134,121790464
1562043135,121790464
1562043136,121790464
1562043137,121790464
1562043138,121790464
1562043139,121790464
1562043140,121790464
1562043141,121790464
1562043142,121790464
1562043143,121790464
1562043144,121790464
1562043145,121790464
1562043146,121790464
1562043147,121790464
1562043148,121790464
1562043149,121790464
1562043150,121790464
1562043151,121790464
1562043152,121790464
1562043153,121790464
1562043154,121790464
1562043155,121790464
1562043156,121790464
1562043157,121790464
1562043158,121790464
1562043159,121790464
1562043160,121790464
1562043161,121790464
1562043162,121790464
1562043163,121790464
1562043164,121790464
1562043165,121790464
1562043166,121790464
1562043167,121790464
1562043168,121790464
1562043169,121790464
1562043170,121790464
1562043171,121790464
1562043172,121790464
1562043173,121790464
1562043174,121790464
1562043175,121790464
1562043176,121790464
1562043177,121790464
1562043178,121790464
1562043179,121790464
1562043180,121790464
1562043181,121790464
1562043182,121790464
1562043183,121790464
1562043184,121790464
1562043185,121790464
1562043186,121790464
1562043187,121790464
1562043188,121790464
1562043189,121790464
1562043190,121790464
1562043191,121790464
1562043192,121790464
1562043193,121790464
1562043194,121790464
1562043195,121790464
1562043196,121790464
1562043197,121790464
1562043198,121790464
1562043199,121790464
1562043200,121790464
1562043201,121790464
1562043202,121790464
1562043203,121790464
1562043204,121790464
1562043205,121790464
1562043206,121790464
1562043207,121790464
1562043208,121790464
1562043209,121790464
1562043210,121790464
1562043211,121790464
1562043212,121790464
1562043213,121790464
1562043214,121790464
1562043215,121790464
1562043216,121790464
1562043217,121790464
1562043218,121790464
1562043219,121790464
1562043220,121790464
1562043221,121790464
1562043222,121790464
1562043223,121790464
1562043224,121790464
1562043225,121790464
1562043226,121790464
1562043227,121790464
1562043228,121790464
1562043229,121790464
1562043230,121790464
1562043231,121790464
1562043232,121790464
1562043233,121790464
1562043234,121790464
1562043235,121790464
1562043236,121790464
1562043237,121790464
1562043238,121790464
1562043239,121790464
1562043240,121790464
1562043241,121790464
1562043242,121790464
1562043243,121790464
1562043244,121790464
1562043245,121790464
1562043246,121790464
1562043247,121790464
1562043248,121790464
1562043249,121790464
1562043250,121790464
1562043251,121790464
1562043252,121790464
1562043253,121790464
1562043254,121790464
1562043255,121790464
1562043256,121790464
1562043257,121790464
1562043258,121790464
1562043259,121790464
1562043260,121790464
1562043261,121790464
1562043262,121790464
1562043263,121790464
1562043264,121790464
1562043265,121790464
1562043266,121790464
1562043267,121790464
1562043268,121790464
1562043269,121790464
1562043270,121790464
1562043271,121790464
1562043272,121790464
1562043273,121790464
1562043274,121790464
1562043275,121790464
1562043276,121790464
1562043277,121790464
1562043278,121790464
1562043279,121790464
1562043280,121790464
1562043281,121790464
1562043282,121790464
1562043283,121790464
1562043284,121790464
1562043285,121790464
1562043286,121790464
1562043287,121790464
1562043288,121790464
1562043289,121790464
1562043290,121790464
1562043291,121790464
1562043292,121790464
1562043293,121790464
1562043294,121790464
1562043295,121790464
1562043296,121790464
1562043297,121790464
1562043298,121790464
1562043299,121790464
1562043300,121790464
1562043301,121790464
1562043302,121790464
1562043303,121790464
1562043304,121790464
1562043305,121790464
1562043306,121790464
1562043307,121790464
1562043308,121790464
1562043309,121790464
1562043310,121790464
1562043311,121790464
1562043312,121790464
1562043313,121790464
1562043314,121790464
1562043315,121790464
1562043316,121790464
1562043317,121790464
1562043318,121790464
1562043319,121790464
1562043320,121790464
1562043321,121790464
1562043322,121790464
1562043323,121790464
1562043324,121790464
1562043325,121790464
1562043326,121790464
1562043327,121790464
1562043328,121790464
1562043329,121790464
1562043330,121790464
1562043331,121790464
1562043332,121790464
1562043333,121790464
1562043334,121790464
1562043335,121790464
1562043336,121790464
1562043337,121790464
1562043338,121790464
1562043339,121790464
1562043340,121790464
1562043341,121790464
1562043342,121790464
1562043343,121790464
1562043344,121790464
1562043345,121790464
1562043346,121790464
1562043347,121790464
1562043348,121790464
1562043349,121790464
1562043350,121790464
1562043351,121790464
1562043352,121790464
1562043353,121790464
1562043354,121790464
1562043355,121790464
1562043356,121790464
1562043357,121790464
1562043358,121790464
1562043359,121790464
1562043360,121790464
1562043361,121790464
1562043362,121790464
1562043363,121790464
1562043364,121790464
1562043365,121790464
1562043366,121790464
1562043367,121790464
1562043368,121790464
1562043369,121790464
1562043370,121790464
1562043371,121790464
1562043372,121790464
1562043373,121790464
1562043374,121790464
1562043375,121790464
1562043376,121790464
1562043377,121790464
1562043378,121790464
1562043379,121790464
1562043380,121790464
1562043381,121790464
1562043382,121790464
1562043383,121790464
1562043384,121790464
1562043385,121790464
1562043386,121790464
1562043387,121790464
1562043388,121790464
1562043389,121790464
1562043390,121790464
1562043391,121790464
1562043392,121790464
1562043393,121790464
1562043394,121790464
1562043395,121790464
1562043396,121790464
1562043397,121790464
1562043398,121790464
1562043399,121790464
1562043400,121790464
1562043401,121790464
1562043402,121790464
1562043403,121790464
1562043404,121790464
1562043405,121790464
1562043406,121790464
1562043407,121790464
1562043408,121790464
1562043409,121790464
1562043410,121790464
1562043411,121790464
1562043412,121790464
1562043413,121790464
1562043414,121790464
1562043415,121790464
1562043416,121790464
1562043417,121790464
1562043418,121790464
1562043419,121790464
1562043420,121790464
1562043421,121790464
1562043422,121790464
1562043423,121790464
1562043424,121790464
1562043425,121790464
1562043426,121790464
1562043427,121790464
1562043428,121790464
1562043429,121790464
1562043430,121790464
1562043431,121790464
1562043432,121790464
1562043433,121790464
1562043434,121790464
1562043435,121790464
1562043436,121790464
1562043437,121790464
1562043438,121790464
1562043439,121790464
1562043440,121790464
1562043441,121790464
1562043442,121790464
1562043443,121790464
1562043444,121790464
1562043445,121790464
1562043446,121790464
1562043447,121790464
1562043448,121790464
1562043449,121790464
1562043450,121790464
1562043451,121790464
1562043452,121790464
1562043453,121790464
1562043454,121790464
1562043455,121790464
1562043456,121790464
1562043457,121790464
1562043458,121790464
1562043459,121790464
1562043460,121790464
1562043461,121790464
1562043462,121790464
1562043463,121790464
1562043464,121790464
1562043465,121790464
1562043466,121790464
1562043467,121790464
1562043468,121790464
1562043469,121790464
1562043470,121790464
1562043471,121790464
1562043472,121790464
1562043473,121790464
1562043474,121790464
1562043475,121790464
1562043476,121790464
1562043477,121790464
1562043478,121790464
1562043479,121790464
1562043480,121790464
1562043481,121790464
1562043482,121790464
1562043483,121790464
1562043484,121790464
1562043485,121790464
1562043486,121790464
1562043487,121790464
1562043488,121790464
1562043489,121790464
1562043490,121790464
1562043491,121790464
1562043492,121790464
1562043493,121790464
1562043494,121790464
1562043495,121790464
1562043496,121790464
1562043498,121790464
1562043499,121790464
1562043500,121790464
1562043501,121790464
1562043502,121790464
1562043503,121790464
1562043504,121790464
1562043505,121790464
1562043506,121790464
1562043507,121790464
1562043508,121790464
1562043509,121790464
1562043510,121790464
1562043511,121790464
1562043512,121790464
1562043513,121790464
1562043514,121790464
1562043515,121790464
1562043516,121790464
1562043517,121790464
1562043518,121790464
1562043519,121790464
1562043520,121790464
1562043521,121790464
1562043522,121790464
1562043523,121790464
1562043524,121790464
1562043525,121790464
1562043526,121790464
1562043527,121790464
1562043528,121790464
1562043529,121790464
1562043530,121790464
1562043531,121790464
1562043532,121790464
1562043533,121790464
1562043534,121790464
1562043535,121790464
1562043536,121790464
1562043537,121790464
1562043538,121790464
1562043539,121790464
1562043540,121790464
1562043541,121790464
1562043542,121790464
1562043543,121790464
1562043544,121790464
1562043545,121790464
1562043546,121790464
1562043547,121790464
1562043548,121790464
1562043549,121790464
1562043550,121790464
1562043551,121790464
1562043552,121790464
1562043553,121790464
1562043554,121790464
1562043555,121790464
1562043556,121790464
1562043557,121790464
1562043558,121790464
1562043559,121790464
1562043560,121790464
1562043561,121790464
1562043562,121790464
1562043563,121790464
1562043564,121790464
1562043565,121790464
1562043566,121790464
1562043567,121790464
1562043568,121790464
1562043569,121790464
1562043570,121790464
1562043571,121790464
1562043572,121790464
1562043573,121790464
1562043574,121790464
1562043575,121790464
1562043576,121790464
1562043577,121790464
1562043578,121790464
1562043579,121790464
1562043580,121790464
1562043581,121790464
1562043582,121790464
1562043583,121790464
1562043584,121790464
1562043585,121790464
1562043586,121790464
1562043587,121790464
1562043588,121790464
1562043589,121790464
1562043590,121790464
1562043591,121790464
1562043592,121790464
1562043593,121790464
1562043594,121790464
1562043595,121790464
1562043596,121790464
1562043597,121790464
1562043598,121790464
1562043599,121790464
1562043600,121790464
1562043601,121790464
1562043602,121790464
1562043603,121790464
1562043604,121790464
1562043605,121790464
1562043606,121790464
1562043607,121790464
1562043608,121790464
1562043609,121790464
1562043610,121790464
1562043611,121790464
1562043612,121790464
1562043613,121790464
1562043614,121790464
1562043615,121790464
1562043616,121790464
1562043617,121790464
1562043618,121790464
1562043619,121790464
1562043620,121790464
1562043621,121790464
1562043622,121790464
1562043623,121790464
1562043624,121790464
1562043625,121790464
1562043626,121790464
1562043627,121790464
1562043628,121790464
1562043629,121790464
1562043630,121790464
1562043631,121790464
1562043632,121790464
1562043633,121790464
1562043634,121790464
1562043635,121790464
1562043636,121790464
1562043637,121790464
1562043638,121790464
1562043639,121790464
1562043640,121790464
1562043641,121790464
1562043642,121790464
1562043643,121790464
1562043644,121790464
1562043645,121790464
1562043646,121790464
1562043647,121790464
1562043648,121790464
1562043649,121790464
1562043650,121790464
1562043651,121790464
1562043652,121790464
1562043653,121790464
1562043654,121790464
1562043655,121790464
1562043656,121790464
1562043657,121790464
1562043658,121790464
1562043659,121790464
1562043660,121790464
1562043661,121790464
1562043662,121790464
1562043663,121790464
1562043664,121790464
1562043665,121790464
1562043666,121790464
1562043667,121790464
1562043668,121790464
1562043669,121790464
1562043670,121790464
1562043671,121790464
1562043672,121790464
1562043673,121790464
1562043674,121790464
1562043675,121790464
1562043676,121790464
1562043677,121790464
1562043678,121790464
1562043679,121790464
1562043680,121790464
1562043681,121790464
1562043682,121790464
1562043683,121790464
1562043684,121790464
1562043685,121790464
1562043686,121790464
1562043687,121790464
1562043688,121790464
1562043689,121790464
1562043690,121790464
1562043691,121790464
1562043692,121790464
1562043693,121790464
1562043694,121790464
1562043695,121790464
1562043696,121790464
1562043697,121790464
1562043698,121790464
1562043699,121790464
1562043700,121790464
1562043701,121790464
1562043702,121790464
1562043703,121790464
1562043704,121790464
1562043705,121790464
1562043706,121790464
1562043707,121790464
1562043708,121790464
1562043709,121790464
1562043710,121790464
1562043711,121790464
1562043712,121790464
1562043713,121790464
1562043714,121790464
1562043715,121790464
1562043716,121790464
1562043717,121790464
1562043718,121790464
1562043719,121790464
1562043720,121790464
1562043721,121790464
1562043722,121790464
1562043723,121790464
1562043724,121790464
1562043725,121790464
1562043726,121790464
1562043727,121790464
1562043728,121790464
1562043729,121790464
1562043730,121790464
1562043731,121790464
1562043732,121790464
1562043733,121790464
1562043734,121790464
1562043735,121790464
1562043736,121790464
1562043737,121790464
1562043738,121790464
1562043739,121790464
1562043740,121790464
1562043741,121790464
1562043742,121790464
1562043743,121790464
1562043744,121790464
1562043745,121790464
1562043746,121790464
1562043747,121790464
1562043748,121790464
1562043749,121790464
1562043750,121790464
1562043751,121790464
1562043752,121790464
1562043753,121790464
1562043754,121790464
1562043755,121790464
1562043756,121790464
1562043757,121790464
1562043758,121790464
1562043759,121790464
1562043760,121790464
1562043761,121790464
1562043762,121790464
1562043763,121790464
1562043764,121790464
1562043765,121790464
1562043766,121790464
1562043767,121790464
1562043768,121790464
1562043769,121790464
1562043770,121790464
1562043771,121790464
1562043772,121790464
1562043773,121790464
1562043774,121790464
1562043775,121790464
1562043776,121790464
1562043777,121790464
1562043778,121790464
1562043779,121790464
1562043780,121790464
1562043781,121790464
1562043782,121790464
1562043783,121790464
1562043784,121790464
1562043785,121790464
1562043786,121790464
1562043787,121790464
1562043788,121790464
1562043789,121790464
1562043790,121790464
1562043791,121790464
1562043792,121790464
1562043793,121790464
1562043794,121790464
1562043795,121790464
1562043796,121790464
1562043797,121790464
1562043798,121790464
1562043799,121790464
1562043800,121790464
1562043801,121790464
1562043802,121790464
1562043803,121790464
1562043804,121790464
1562043805,121790464
1562043806,121790464
1562043807,121790464
1562043808,121790464
1562043809,121790464
1562043810,121790464
1562043811,121790464
1562043812,121790464
1562043813,121790464
1562043814,121790464
1562043815,121790464
1562043816,121790464
1562043817,121790464
1562043818,121790464
1562043819,121790464
1562043820,121790464
1562043821,121790464
1562043822,121790464
1562043823,121790464
1562043824,121790464
1562043825,121790464
1562043826,121790464
1562043827,121790464
1562043828,121790464
1562043829,121790464
1562043830,121790464
1562043831,121790464
1562043832,121790464
1562043833,121790464
1562043834,121790464
1562043835,121790464
1562043836,121790464
1562043837,121790464
1562043838,121790464
1562043839,121790464
1562043840,121790464
1562043841,121790464
1562043842,121790464
1562043843,121790464
1562043844,121790464
1562043845,121790464
1562043846,121790464
1562043847,121790464
1562043848,121790464
1562043849,121790464
1562043850,121790464
1562043851,121790464
1562043852,121790464
1562043853,121790464
1562043854,121790464
1562043855,121790464
1562043856,121790464
1562043857,121790464
1562043858,121790464
1562043859,121790464
1562043860,121790464
1562043861,121790464
1562043862,121790464
1562043863,121790464
1562043864,121790464
1562043865,121790464
1562043866,121790464
1562043867,121790464
1562043868,121790464
1562043869,121790464
1562043870,121790464
1562043871,121790464
1562043872,121790464
1562043873,121790464
1562043874,121790464
1562043875,121790464
1562043876,121790464
1562043877,121790464
1562043878,121790464
1562043879,121790464
1562043880,121790464
1562043881,121790464
1562043882,121790464
1562043883,121790464
1562043884,121790464
1562043885,121790464
1562043886,121790464
1562043887,121790464
1562043888,121790464
1562043889,121790464
1562043890,121790464
1562043891,121790464
1562043892,121790464
1562043893,121790464
1562043894,121790464
1562043895,121790464
1562043896,121790464
1562043897,121790464
1562043898,121790464
1562043899,121790464
1562043900,121790464
1562043901,121790464
1562043902,121790464
1562043903,121790464
1562043904,121790464
1562043905,121790464
1562043906,121790464
1562043907,121790464
1562043908,121790464
1562043909,121790464
1562043910,121790464
1562043911,121790464
1562043912,121790464
1562043913,121790464
1562043914,121790464
1562043915,121790464
1562043916,121790464
1562043917,121790464
1562043918,121790464
1562043919,121790464
1562043920,121790464
1562043921,121790464
1562043922,121790464
1562043923,121790464
1562043924,121790464
1562043925,121790464
1562043926,121790464
1562043927,121790464
1562043928,121790464
1562043929,122331136
1562043930,122331136
1562043931,122331136
1562043932,122331136
1562043933,122331136
1562043934,122331136
1562043935,122331136
1562043936,122331136
1562043937,122331136
1562043938,122331136
1562043939,122331136
1562043940,122331136
1562043941,122331136
1562043942,122331136
1562043943,122331136
1562043944,122331136
1562043945,122331136
1562043946,122331136
1562043947,122331136
1562043948,122331136
1562043949,122331136
1562043950,122331136
1562043951,122331136
1562043952,122331136
1562043953,122331136
1562043954,122331136
1562043955,122331136
1562043956,122331136
1562043957,122331136
1562043958,122331136
1562043959,122331136
1562043960,122331136
1562043961,122331136
1562043962,122331136
1562043963,122331136
1562043964,122331136
1562043965,122331136
1562043966,122331136
1562043967,122331136
1562043968,122331136
1562043969,122331136
1562043970,122331136
1562043971,122331136
1562043972,122331136
1562043973,122331136
1562043974,122331136
1562043975,122331136
1562043976,122331136
1562043977,122331136
1562043978,122331136
1562043979,122331136
1562043980,122331136
1562043981,122331136
1562043982,122331136
1562043983,122331136
1562043984,122331136
1562043985,122331136
1562043986,122331136
1562043987,122331136
1562043988,122331136
1562043989,122331136
1562043990,122331136
1562043991,122331136
1562043992,122331136
1562043993,122331136
1562043994,122331136
1562043995,122331136
1562043996,122331136
1562043997,122331136
1562043998,122331136
1562043999,122331136
1562044000,122331136
1562044001,122331136
1562044002,122331136
1562044003,122331136
1562044004,122331136
1562044005,122331136
1562044006,122331136
1562044007,122331136
1562044008,122331136
1562044009,122331136
1562044010,122331136
1562044011,122331136
1562044012,122331136
1562044013,122331136
1562044014,122331136
1562044015,122331136
1562044016,122331136
1562044017,122331136
1562044018,122331136
1562044019,122331136
1562044020,122331136
1562044021,122331136
1562044022,122331136
1562044023,122331136
1562044024,122331136
1562044025,122331136
1562044026,122331136
1562044027,122331136
1562044028,122331136
1562044029,122331136
1562044030,122331136
1562044031,122331136
1562044032,122331136
1562044033,122331136
1562044034,122331136
1562044035,122331136
1562044036,122331136
1562044037,122331136
1562044038,122331136
1562044039,122331136
1562044040,122331136
1562044041,122331136
1562044042,122331136
1562044043,122331136
1562044044,122331136
1562044045,122331136
1562044046,122331136
1562044047,122331136
1562044048,122331136
1562044049,122331136
1562044050,122331136
1562044051,122331136
1562044052,122331136
1562044053,122331136
1562044054,122331136
1562044055,122331136
1562044056,122331136
1562044057,122331136
1562044058,122331136
1562044059,122331136
1562044060,122331136
1562044061,122331136
1562044062,122331136
1562044063,122331136
1562044064,122331136
1562044065,122331136
1562044066,122331136
1562044067,122331136
1562044068,122331136
1562044069,122331136
1562044070,122331136
1562044071,122331136
1562044072,122331136
1562044073,122331136
1562044074,122331136
1562044075,122331136
1562044076,122331136
1562044077,122331136
1562044078,122331136
1562044079,122331136
1562044080,122331136
1562044081,122331136
1562044082,122331136
1562044083,122331136
1562044084,122331136
1562044085,122331136
1562044086,122331136
1562044087,122331136
1562044088,122331136
1562044089,122331136
1562044090,122331136
1562044091,122331136
1562044092,122331136
1562044093,122331136
1562044094,122331136
1562044095,122331136
1562044096,122331136
1562044097,122331136
1562044098,122331136
1562044099,122331136
1562044100,122331136
1562044102,122331136
1562044103,122331136
1562044104,122331136
1562044105,122331136
1562044106,122331136
1562044107,122331136
1562044108,122331136
1562044109,122331136
1562044110,122331136
1562044111,122331136
1562044112,122331136
1562044113,122331136
1562044114,122331136
1562044115,122331136
1562044116,122331136
1562044117,122331136
1562044118,122331136
1562044119,122331136
1562044120,122331136
1562044121,122331136
1562044122,122331136
1562044123,122331136
1562044124,122331136
1562044125,122331136
1562044126,122331136
1562044127,122331136
1562044128,122331136
1562044129,122331136
1562044130,122331136
1562044131,122331136
1562044132,122331136
1562044133,122331136
1562044134,122331136
1562044135,122331136
1562044136,122331136
1562044137,122331136
1562044138,122331136
1562044139,122331136
1562044140,122331136
1562044141,122331136
1562044142,122331136
1562044143,122331136
1562044144,122331136
1562044145,122331136
1562044146,122331136
1562044147,122331136
1562044148,122331136
1562044149,122331136
1562044150,122331136
1562044151,122331136
1562044152,122331136
1562044153,122331136
1562044154,122331136
1562044155,122331136
1562044156,122331136
1562044157,122331136
1562044158,122331136
1562044159,122331136
1562044160,122331136
1562044161,122331136
1562044162,122331136
1562044163,122331136
1562044164,122331136
1562044165,122331136
1562044166,122331136
1562044167,122331136
1562044168,122331136
1562044169,122331136
1562044170,122331136
1562044171,122331136
1562044172,122331136
1562044173,122331136
1562044174,122331136
1562044175,122331136
1562044176,122331136
1562044177,122331136
1562044178,122331136
1562044179,122331136
1562044180,122331136
1562044181,122331136
1562044182,122331136
1562044183,122331136
1562044184,122331136
1562044185,122331136
1562044186,122331136
1562044187,122331136
1562044188,122331136
1562044189,122331136
1562044190,122331136
1562044191,122331136
1562044192,122331136
1562044193,122331136
1562044194,122331136
1562044195,122331136
1562044196,122331136
1562044197,122331136
1562044198,122331136
1562044199,122331136
1562044200,122331136
1562044201,122331136
1562044202,122331136
1562044203,122331136
1562044204,122331136
1562044205,122331136
1562044206,122331136
1562044207,122331136
1562044208,122331136
1562044209,122331136
1562044210,122331136
1562044211,122331136
1562044212,122331136
1562044213,122331136
1562044214,122331136
1562044215,122331136
1562044216,122331136
1562044217,122331136
1562044218,122331136
1562044219,122331136
1562044220,122331136
1562044221,122331136
1562044223,122331136
1562044224,122331136
1562044225,122331136
1562044226,122331136
1562044227,122331136
1562044228,122331136
1562044229,122331136
1562044230,122331136
1562044231,122331136
1562044232,122331136
1562044233,122331136
1562044234,122331136
1562044235,122331136
1562044236,122331136
1562044237,122331136
1562044238,122331136
1562044239,122331136
1562044240,122331136
1562044241,122331136
1562044242,122331136
1562044243,122331136
1562044244,122331136
1562044245,122331136
1562044246,122331136
1562044247,122331136
1562044248,122331136
1562044249,122331136
1562044250,122331136
1562044251,122331136
1562044252,122331136
1562044253,122331136
1562044254,122331136
1562044255,122331136
1562044256,122331136
1562044257,122331136
1562044258,122331136
1562044259,122331136
1562044260,122331136
1562044261,122331136
1562044262,122331136
1562044263,122331136
1562044264,122331136
1562044265,122331136
1562044266,122331136
1562044267,122331136
1562044268,122331136
1562044269,122331136
1562044270,122331136
1562044271,122331136
1562044272,122331136
1562044273,122331136
1562044274,122331136
1562044275,122331136
1562044276,122331136
1562044277,122331136
1562044278,122331136
1562044279,122331136
1562044280,122331136
1562044281,122331136
1562044282,122331136
1562044283,122331136
1562044284,122331136
1562044285,122331136
1562044286,122331136
1562044287,122331136
1562044288,122331136
1562044289,122331136
1562044290,122331136
1562044291,122331136
1562044292,122331136
1562044293,122331136
1562044294,122331136
1562044295,122331136
1562044296,122331136
1562044297,122331136
1562044298,122331136
1562044299,122331136
1562044300,122331136
1562044301,122331136
1562044302,122331136
1562044303,122331136
1562044304,122331136
1562044305,122331136
1562044306,122331136
1562044307,122331136
1562044308,122331136
1562044309,122331136
1562044310,122331136
1562044311,122331136
1562044312,122331136
1562044313,122331136
1562044314,122331136
1562044315,122331136
1562044316,122331136
1562044317,122331136
1562044318,122331136
1562044319,122331136
1562044320,122331136
1562044321,122331136
1562044322,122331136
1562044323,122331136
1562044324,122331136
1562044325,122331136
1562044326,122331136
1562044327,122331136
1562044328,122331136
1562044329,122331136
1562044330,122331136
1562044331,122331136
1562044332,122331136
1562044333,122331136
1562044334,122331136
1562044335,122331136
1562044336,122331136
1562044337,122331136
1562044338,122331136
1562044339,122331136
1562044340,122331136
1562044341,122331136
1562044342,122331136
1562044343,122331136
1562044344,122331136
1562044345,122331136
1562044346,122331136
1562044347,122331136
1562044348,122331136
1562044349,122331136
1562044350,122331136
1562044351,122331136
1562044352,122331136
1562044353,122331136
1562044354,122331136
1562044355,122331136
1562044356,122331136
1562044357,122331136
1562044358,122331136
1562044359,122331136
1562044360,122331136
1562044361,122331136
1562044362,122331136
1562044363,122331136
1562044364,122331136
1562044365,122331136
1562044366,122331136
1562044367,122331136
1562044368,122331136
1562044369,122331136
1562044370,122331136
1562044371,122331136
1562044372,122331136
1562044373,122331136
1562044374,122331136
1562044375,122331136
1562044376,122331136
1562044377,122331136
1562044378,122331136
1562044379,122331136
1562044380,122331136
1562044381,122331136
1562044382,122331136
1562044383,122331136
1562044384,122331136
1562044385,122331136
1562044386,122331136
1562044387,122331136
1562044388,122331136
1562044389,122331136
1562044390,122331136
1562044391,122331136
1562044392,122331136
1562044393,122331136
1562044394,122331136
1562044395,122331136
1562044396,122331136
1562044397,122331136
1562044398,122331136
1562044399,122331136
1562044400,122331136
1562044401,122331136
1562044402,122331136
1562044403,122331136
1562044404,122331136
1562044405,122331136
1562044406,122331136
1562044407,122331136
1562044408,122331136
1562044409,122331136
1562044410,122331136
1562044411,122331136
1562044412,122331136
1562044413,122331136
1562044414,122331136
1562044415,122331136
1562044416,122331136
1562044417,122331136
1562044418,122331136
1562044419,122331136
1562044420,122331136
1562044421,122331136
1562044422,122331136
1562044423,122331136
1562044424,122331136
1562044425,122331136
1562044426,122331136
1562044427,122331136
1562044428,122331136
1562044429,122331136
1562044430,122331136
1562044431,122331136
1562044432,122331136
1562044433,122331136
1562044434,122331136
1562044435,122331136
1562044436,122331136
1562044437,122331136
1562044438,122331136
1562044439,122331136
1562044440,122331136
1562044441,122331136
1562044442,122331136
1562044443,122331136
1562044444,122331136
1562044445,122331136
1562044446,122331136
1562044447,122331136
1562044448,122331136
1562044449,122331136
1562044450,122331136
1562044451,122331136
1562044452,122331136
1562044453,122331136
1562044454,122331136
1562044455,122331136
1562044456,122331136
1562044457,122331136
1562044458,122331136
1562044459,122331136
1562044460,122331136
1562044461,122331136
1562044462,122331136
1562044463,122331136
1562044464,122331136
1562044465,122331136
1562044466,122331136
1562044467,122331136
1562044468,122331136
1562044469,122331136
1562044470,122331136
1562044471,122331136
1562044472,122331136
1562044473,122331136
1562044474,122331136
1562044475,122331136
1562044476,122331136
1562044477,122331136
1562044478,122331136
1562044479,122331136
1562044480,122331136
1562044481,122331136
1562044482,122331136
1562044483,122331136
1562044484,122331136
1562044485,122331136
1562044486,122331136
1562044487,122331136
1562044488,122331136
1562044489,122331136
1562044490,122331136
1562044491,122331136
1562044492,122331136
1562044493,122331136
1562044494,122331136
1562044495,122331136
1562044496,122331136
1562044497,122331136
1562044498,122331136
1562044499,122331136
1562044500,122331136
1562044501,122331136
1562044502,122331136
1562044503,122331136
1562044504,122331136
1562044505,122331136
1562044506,122331136
1562044507,122331136
1562044508,122331136
1562044509,122331136
1562044510,122331136
1562044511,122331136
1562044512,122331136
1562044513,122331136
1562044514,122331136
1562044515,122331136
1562044516,122331136
1562044517,122331136
1562044518,122331136
1562044519,122331136
1562044520,122331136
1562044521,122331136
1562044522,122331136
1562044523,122331136
1562044524,122331136
1562044525,122331136
1562044526,122331136
1562044527,122331136
1562044528,122331136
1562044529,122331136
1562044530,122331136
1562044531,122331136
1562044532,122331136
1562044533,122331136
1562044534,122331136
1562044535,122331136
1562044536,122331136
1562044537,122331136
1562044538,122331136
1562044539,122331136
1562044540,122331136
1562044541,122331136
1562044542,122331136
1562044543,122331136
1562044544,122331136
1562044545,122331136
1562044546,122331136
1562044547,122331136
1562044548,122331136
1562044549,122331136
1562044550,122331136
1562044551,122331136
1562044552,122331136
1562044553,122331136
1562044554,122331136
1562044555,122331136
1562044556,122331136
1562044557,122331136
1562044558,122331136
1562044559,122331136
1562044560,122331136
1562044561,122331136
1562044562,122331136
1562044563,122331136
1562044564,122331136
1562044565,122331136
1562044566,122331136
1562044567,122331136
1562044568,122331136
1562044569,122331136
1562044570,122331136
1562044571,122331136
1562044572,122331136
1562044573,122331136
1562044574,122331136
1562044575,122331136
1562044576,122331136
1562044577,122331136
1562044578,122331136
1562044579,122331136
1562044580,122331136
1562044581,122331136
1562044582,122331136
1562044583,122331136
1562044584,122331136
1562044585,122331136
1562044586,122331136
1562044587,122331136
1562044588,122331136
1562044589,122331136
1562044590,122331136
1562044591,122331136
1562044592,122331136
1562044593,122331136
1562044594,122331136
1562044595,122331136
1562044596,122331136
1562044597,122331136
1562044598,122331136
1562044599,122331136
1562044600,122331136
1562044601,122331136
1562044602,122331136
1562044603,122331136
1562044604,122331136
1562044605,122331136
1562044606,122331136
1562044607,122331136
1562044608,122331136
1562044609,122331136
1562044610,122331136
1562044611,122331136
1562044612,122331136
1562044613,122331136
1562044614,122331136
1562044615,122331136
1562044616,122331136
1562044617,122331136
1562044618,122331136
1562044619,122331136
1562044620,122331136
1562044621,122331136
1562044622,122331136
1562044623,122331136
1562044624,122331136
1562044625,122331136
1562044626,122331136
1562044627,122331136
1562044628,122331136
1562044629,122331136
1562044630,122331136
1562044631,122331136
1562044632,122331136
1562044633,122331136
1562044634,122331136
1562044635,122331136
1562044636,122331136
1562044637,122331136
1562044638,122331136
1562044639,122331136
1562044640,122331136
1562044641,122331136
1562044642,122331136
1562044643,122331136
1562044644,122331136
1562044645,122331136
1562044646,122331136
1562044647,122331136
1562044648,122331136
1562044649,122331136
1562044650,122331136
1562044651,122331136
1562044652,122331136
1562044653,122331136
1562044654,122331136
1562044655,122331136
1562044656,122331136
1562044657,122331136
1562044658,122331136
1562044659,122331136
1562044660,122331136
1562044661,122331136
1562044662,122331136
1562044663,122331136
1562044664,122331136
1562044665,122331136
1562044666,122331136
1562044667,122331136
1562044668,122331136
1562044669,122331136
1562044670,122331136
1562044671,122331136
1562044672,122331136
1562044673,122331136
1562044674,122331136
1562044675,122331136
1562044676,122331136
1562044677,122331136
1562044678,122331136
1562044679,122331136
1562044680,122331136
1562044681,122331136
1562044682,122331136
1562044683,122331136
1562044684,122331136
1562044685,122331136
1562044686,122331136
1562044687,122331136
1562044688,122331136
1562044689,122331136
1562044690,122331136
1562044691,122331136
1562044692,122331136
1562044693,122331136
1562044694,122331136
1562044695,122331136
